 1.64800000e+00  8.19276097e-02 
 1.64800100e+00  8.19463567e-02 
 1.64800200e+00  8.19647129e-02 
 1.64800300e+00  8.19839909e-02 
 1.64800400e+00  8.19982685e-02 
 1.64800500e+00  8.20194881e-02 
 1.64800600e+00  8.20390257e-02 
 1.64800700e+00  8.20579755e-02 
 1.64800800e+00  8.20774456e-02 
 1.64800900e+00  8.20980583e-02 
 1.64801000e+00  8.21236254e-02 
 1.64801100e+00  8.21432816e-02 
 1.64801200e+00  8.21624614e-02 
 1.64801300e+00  8.21820396e-02 
 1.64801400e+00  8.22020031e-02 
 1.64801500e+00  8.22214095e-02 
 1.64801600e+00  8.22330320e-02 
 1.64801700e+00  8.22532430e-02 
 1.64801800e+00  8.22718897e-02 
 1.64801900e+00  8.22934138e-02 
 1.64802000e+00  8.23124194e-02 
 1.64802100e+00  8.23328757e-02 
 1.64802200e+00  8.23560474e-02 
 1.64802300e+00  8.23747428e-02 
 1.64802400e+00  8.23951847e-02 
 1.64802500e+00  8.24147054e-02 
 1.64802600e+00  8.24341496e-02 
 1.64802700e+00  8.24488931e-02 
 1.64802800e+00  8.24709726e-02 
 1.64802900e+00  8.24907601e-02 
 1.64803000e+00  8.25102284e-02 
 1.64803100e+00  8.25298961e-02 
 1.64803200e+00  8.25508291e-02 
 1.64803300e+00  8.25776105e-02 
 1.64803400e+00  8.25966693e-02 
 1.64803500e+00  8.26172501e-02 
 1.64803600e+00  8.26361694e-02 
 1.64803700e+00  8.26550125e-02 
 1.64803800e+00  8.26761024e-02 
 1.64803900e+00  8.26889724e-02 
 1.64804000e+00  8.27101959e-02 
 1.64804100e+00  8.27299276e-02 
 1.64804200e+00  8.27494474e-02 
 1.64804300e+00  8.27711684e-02 
 1.64804400e+00  8.27906885e-02 
 1.64804500e+00  8.28131010e-02 
 1.64804600e+00  8.28344502e-02 
 1.64804700e+00  8.28537372e-02 
 1.64804800e+00  8.28755553e-02 
 1.64804900e+00  8.28948882e-02 
 1.64805000e+00  8.29108540e-02 
 1.64805100e+00  8.29316812e-02 
 1.64805200e+00  8.29516499e-02 
 1.64805300e+00  8.29731973e-02 
 1.64805400e+00  8.29922893e-02 
 1.64805500e+00  8.30118403e-02 
 1.64805600e+00  8.30321240e-02 
 1.64805700e+00  8.30605197e-02 
 1.64805800e+00  8.30807642e-02 
 1.64805900e+00  8.31009888e-02 
 1.64806000e+00  8.31210842e-02 
 1.64806100e+00  8.31425278e-02 
 1.64806200e+00  8.31570161e-02 
 1.64806300e+00  8.31760361e-02 
 1.64806400e+00  8.31973514e-02 
 1.64806500e+00  8.32174085e-02 
 1.64806600e+00  8.32375643e-02 
 1.64806700e+00  8.32590008e-02 
 1.64806800e+00  8.32826343e-02 
 1.64806900e+00  8.33028561e-02 
 1.64807000e+00  8.33254376e-02 
 1.64807100e+00  8.33463252e-02 
 1.64807200e+00  8.33675862e-02 
 1.64807300e+00  8.33799328e-02 
 1.64807400e+00  8.34042029e-02 
 1.64807500e+00  8.34243731e-02 
 1.64807600e+00  8.34447954e-02 
 1.64807700e+00  8.34669491e-02 
 1.64807800e+00  8.34872698e-02 
 1.64807900e+00  8.35073429e-02 
 1.64808000e+00  8.35336404e-02 
 1.64808100e+00  8.35571272e-02 
 1.64808200e+00  8.35776384e-02 
 1.64808300e+00  8.35977460e-02 
 1.64808400e+00  8.36195556e-02 
 1.64808500e+00  8.36335599e-02 
 1.64808600e+00  8.36545613e-02 
 1.64808700e+00  8.36743676e-02 
 1.64808800e+00  8.36955107e-02 
 1.64808900e+00  8.37170954e-02 
 1.64809000e+00  8.37381058e-02 
 1.64809100e+00  8.37655447e-02 
 1.64809200e+00  8.37853571e-02 
 1.64809300e+00  8.38069514e-02 
 1.64809400e+00  8.38274620e-02 
 1.64809500e+00  8.38479516e-02 
 1.64809600e+00  8.38702480e-02 
 1.64809700e+00  8.38842770e-02 
 1.64809800e+00  8.39080001e-02 
 1.64809900e+00  8.39284367e-02 
 1.64810000e+00  8.39516558e-02 
 1.64810100e+00  8.39720442e-02 
 1.64810200e+00  8.39998178e-02 
 1.64810300e+00  8.40222456e-02 
 1.64810400e+00  8.40432838e-02 
 1.64810500e+00  8.40635164e-02 
 1.64810600e+00  8.40862615e-02 
 1.64810700e+00  8.41060066e-02 
 1.64810800e+00  8.41218739e-02 
 1.64810900e+00  8.41419729e-02 
 1.64811000e+00  8.41655138e-02 
 1.64811100e+00  8.41883939e-02 
 1.64811200e+00  8.42090390e-02 
 1.64811300e+00  8.42301457e-02 
 1.64811400e+00  8.42475996e-02 
 1.64811500e+00  8.42761952e-02 
 1.64811600e+00  8.42971238e-02 
 1.64811700e+00  8.43193790e-02 
 1.64811800e+00  8.43418892e-02 
 1.64811900e+00  8.43634228e-02 
 1.64812000e+00  8.43795699e-02 
 1.64812100e+00  8.44013893e-02 
 1.64812200e+00  8.44238175e-02 
 1.64812300e+00  8.44458765e-02 
 1.64812400e+00  8.44680817e-02 
 1.64812500e+00  8.44911507e-02 
 1.64812600e+00  8.45187966e-02 
 1.64812700e+00  8.45402717e-02 
 1.64812800e+00  8.45584062e-02 
 1.64812900e+00  8.45834224e-02 
 1.64813000e+00  8.46058624e-02 
 1.64813100e+00  8.46226391e-02 
 1.64813200e+00  8.46432194e-02 
 1.64813300e+00  8.46664167e-02 
 1.64813400e+00  8.46888049e-02 
 1.64813500e+00  8.47097012e-02 
 1.64813600e+00  8.47322888e-02 
 1.64813700e+00  8.47579942e-02 
 1.64813800e+00  8.47789751e-02 
 1.64813900e+00  8.48007489e-02 
 1.64814000e+00  8.48248300e-02 
 1.64814100e+00  8.48468210e-02 
 1.64814200e+00  8.48705880e-02 
 1.64814300e+00  8.48846266e-02 
 1.64814400e+00  8.49084871e-02 
 1.64814500e+00  8.49314720e-02 
 1.64814600e+00  8.49541319e-02 
 1.64814700e+00  8.49751558e-02 
 1.64814800e+00  8.49977060e-02 
 1.64814900e+00  8.50277792e-02 
 1.64815000e+00  8.50497898e-02 
 1.64815100e+00  8.50740689e-02 
 1.64815200e+00  8.50967197e-02 
 1.64815300e+00  8.51196069e-02 
 1.64815400e+00  8.51347596e-02 
 1.64815500e+00  8.51569330e-02 
 1.64815600e+00  8.51764896e-02 
 1.64815700e+00  8.51999869e-02 
 1.64815800e+00  8.52208350e-02 
 1.64815900e+00  8.52461415e-02 
 1.64816000e+00  8.52659203e-02 
 1.64816100e+00  8.52937313e-02 
 1.64816200e+00  8.53195847e-02 
 1.64816300e+00  8.53427133e-02 
 1.64816400e+00  8.53632867e-02 
 1.64816500e+00  8.53858988e-02 
 1.64816600e+00  8.54017576e-02 
 1.64816700e+00  8.54261697e-02 
 1.64816800e+00  8.54501438e-02 
 1.64816900e+00  8.54724802e-02 
 1.64817000e+00  8.54946831e-02 
 1.64817100e+00  8.55196850e-02 
 1.64817200e+00  8.55508533e-02 
 1.64817300e+00  8.55739768e-02 
 1.64817400e+00  8.55973749e-02 
 1.64817500e+00  8.56201467e-02 
 1.64817600e+00  8.56407202e-02 
 1.64817700e+00  8.56552807e-02 
 1.64817800e+00  8.56809617e-02 
 1.64817900e+00  8.57024775e-02 
 1.64818000e+00  8.57280972e-02 
 1.64818100e+00  8.57505294e-02 
 1.64818200e+00  8.57731502e-02 
 1.64818300e+00  8.57961192e-02 
 1.64818400e+00  8.58238799e-02 
 1.64818500e+00  8.58492381e-02 
 1.64818600e+00  8.58694571e-02 
 1.64818700e+00  8.58934142e-02 
 1.64818800e+00  8.59174235e-02 
 1.64818900e+00  8.59346152e-02 
 1.64819000e+00  8.59604052e-02 
 1.64819100e+00  8.59830053e-02 
 1.64819200e+00  8.60054680e-02 
 1.64819300e+00  8.60285942e-02 
 1.64819400e+00  8.60537941e-02 
 1.64819500e+00  8.60854995e-02 
 1.64819600e+00  8.61084674e-02 
 1.64819700e+00  8.61298169e-02 
 1.64819800e+00  8.61542393e-02 
 1.64819900e+00  8.61780346e-02 
 1.64820000e+00  8.62020279e-02 
 1.64820100e+00  8.62165378e-02 
 1.64820200e+00  8.62419207e-02 
 1.64820300e+00  8.62660348e-02 
 1.64820400e+00  8.62893591e-02 
 1.64820500e+00  8.63139641e-02 
 1.64820600e+00  8.63362383e-02 
 1.64820700e+00  8.63663489e-02 
 1.64820800e+00  8.63892669e-02 
 1.64820900e+00  8.64123932e-02 
 1.64821000e+00  8.64368544e-02 
 1.64821100e+00  8.64594144e-02 
 1.64821200e+00  8.64870621e-02 
 1.64821300e+00  8.65056767e-02 
 1.64821400e+00  8.65275797e-02 
 1.64821500e+00  8.65524035e-02 
 1.64821600e+00  8.65747111e-02 
 1.64821700e+00  8.65995541e-02 
 1.64821800e+00  8.66312286e-02 
 1.64821900e+00  8.66550886e-02 
 1.64822000e+00  8.66800703e-02 
 1.64822100e+00  8.67017515e-02 
 1.64822200e+00  8.67299888e-02 
 1.64822300e+00  8.67430791e-02 
 1.64822400e+00  8.67683349e-02 
 1.64822500e+00  8.67922022e-02 
 1.64822600e+00  8.68186383e-02 
 1.64822700e+00  8.68413632e-02 
 1.64822800e+00  8.68649957e-02 
 1.64822900e+00  8.68901652e-02 
 1.64823000e+00  8.69176585e-02 
 1.64823100e+00  8.69424076e-02 
 1.64823200e+00  8.69686231e-02 
 1.64823300e+00  8.69924398e-02 
 1.64823400e+00  8.70183419e-02 
 1.64823500e+00  8.70359819e-02 
 1.64823600e+00  8.70611501e-02 
 1.64823700e+00  8.70862256e-02 
 1.64823800e+00  8.71094470e-02 
 1.64823900e+00  8.71344044e-02 
 1.64824000e+00  8.71617018e-02 
 1.64824100e+00  8.71925625e-02 
 1.64824200e+00  8.72167104e-02 
 1.64824300e+00  8.72419113e-02 
 1.64824400e+00  8.72661890e-02 
 1.64824500e+00  8.72934491e-02 
 1.64824600e+00  8.73159600e-02 
 1.64824700e+00  8.73328547e-02 
 1.64824800e+00  8.73578949e-02 
 1.64824900e+00  8.73826572e-02 
 1.64825000e+00  8.74098146e-02 
 1.64825100e+00  8.74336540e-02 
 1.64825200e+00  8.74599052e-02 
 1.64825300e+00  8.74891164e-02 
 1.64825400e+00  8.75148739e-02 
 1.64825500e+00  8.75396977e-02 
 1.64825600e+00  8.75623138e-02 
 1.64825700e+00  8.75877048e-02 
 1.64825800e+00  8.76057097e-02 
 1.64825900e+00  8.76337498e-02 
 1.64826000e+00  8.76566128e-02 
 1.64826100e+00  8.76835456e-02 
 1.64826200e+00  8.77111632e-02 
 1.64826300e+00  8.77342625e-02 
 1.64826400e+00  8.77593926e-02 
 1.64826500e+00  8.77929649e-02 
 1.64826600e+00  8.78186445e-02 
 1.64826700e+00  8.78445193e-02 
 1.64826800e+00  8.78692424e-02 
 1.64826900e+00  8.78946920e-02 
 1.64827000e+00  8.79123737e-02 
 1.64827100e+00  8.79375405e-02 
 1.64827200e+00  8.79646113e-02 
 1.64827300e+00  8.79891964e-02 
 1.64827400e+00  8.80148428e-02 
 1.64827500e+00  8.80397109e-02 
 1.64827600e+00  8.80725745e-02 
 1.64827700e+00  8.80970110e-02 
 1.64827800e+00  8.81223177e-02 
 1.64827900e+00  8.81473742e-02 
 1.64828000e+00  8.81725679e-02 
 1.64828100e+00  8.81927823e-02 
 1.64828200e+00  8.82205447e-02 
 1.64828300e+00  8.82447915e-02 
 1.64828400e+00  8.82720061e-02 
 1.64828500e+00  8.82984083e-02 
 1.64828600e+00  8.83221866e-02 
 1.64828700e+00  8.83488756e-02 
 1.64828800e+00  8.83839413e-02 
 1.64828900e+00  8.84094747e-02 
 1.64829000e+00  8.84346856e-02 
 1.64829100e+00  8.84611141e-02 
 1.64829200e+00  8.84903814e-02 
 1.64829300e+00  8.85069805e-02 
 1.64829400e+00  8.85336382e-02 
 1.64829500e+00  8.85581237e-02 
 1.64829600e+00  8.85848018e-02 
 1.64829700e+00  8.86105764e-02 
 1.64829800e+00  8.86363566e-02 
 1.64829900e+00  8.86617100e-02 
 1.64830000e+00  8.86938544e-02 
 1.64830100e+00  8.87203610e-02 
 1.64830200e+00  8.87476390e-02 
 1.64830300e+00  8.87743319e-02 
 1.64830400e+00  8.88008384e-02 
 1.64830500e+00  8.88229953e-02 
 1.64830600e+00  8.88470336e-02 
 1.64830700e+00  8.88761755e-02 
 1.64830800e+00  8.88996952e-02 
 1.64830900e+00  8.89298185e-02 
 1.64831000e+00  8.89536999e-02 
 1.64831100e+00  8.89895712e-02 
 1.64831200e+00  8.90194077e-02 
 1.64831300e+00  8.90434460e-02 
 1.64831400e+00  8.90724718e-02 
 1.64831500e+00  8.90987024e-02 
 1.64831600e+00  8.91168601e-02 
 1.64831700e+00  8.91413367e-02 
 1.64831800e+00  8.91668625e-02 
 1.64831900e+00  8.91956002e-02 
 1.64832000e+00  8.92203687e-02 
 1.64832100e+00  8.92508606e-02 
 1.64832200e+00  8.92827853e-02 
 1.64832300e+00  8.93103101e-02 
 1.64832400e+00  8.93358289e-02 
 1.64832500e+00  8.93655824e-02 
 1.64832600e+00  8.93894991e-02 
 1.64832700e+00  8.94167428e-02 
 1.64832800e+00  8.94396830e-02 
 1.64832900e+00  8.94656007e-02 
 1.64833000e+00  8.94918662e-02 
 1.64833100e+00  8.95188157e-02 
 1.64833200e+00  8.95478737e-02 
 1.64833300e+00  8.95777539e-02 
 1.64833400e+00  8.96147646e-02 
 1.64833500e+00  8.96420416e-02 
 1.64833600e+00  8.96684555e-02 
 1.64833700e+00  8.96951701e-02 
 1.64833800e+00  8.97228246e-02 
 1.64833900e+00  8.97492380e-02 
 1.64834000e+00  8.97643580e-02 
 1.64834100e+00  8.97958193e-02 
 1.64834200e+00  8.98225864e-02 
 1.64834300e+00  8.98514468e-02 
 1.64834400e+00  8.98770447e-02 
 1.64834500e+00  8.99016942e-02 
 1.64834600e+00  8.99394131e-02 
 1.64834700e+00  8.99668787e-02 
 1.64834800e+00  8.99966223e-02 
 1.64834900e+00  9.00214046e-02 
 1.64835000e+00  9.00512203e-02 
 1.64835100e+00  9.00714213e-02 
 1.64835200e+00  9.01005896e-02 
 1.64835300e+00  9.01293660e-02 
 1.64835400e+00  9.01590462e-02 
 1.64835500e+00  9.01843104e-02 
 1.64835600e+00  9.02142692e-02 
 1.64835700e+00  9.02487708e-02 
 1.64835800e+00  9.02778454e-02 
 1.64835900e+00  9.03070482e-02 
 1.64836000e+00  9.03336093e-02 
 1.64836100e+00  9.03629257e-02 
 1.64836200e+00  9.03909740e-02 
 1.64836300e+00  9.04102359e-02 
 1.64836400e+00  9.04399812e-02 
 1.64836500e+00  9.04671223e-02 
 1.64836600e+00  9.04957073e-02 
 1.64836700e+00  9.05255628e-02 
 1.64836800e+00  9.05518888e-02 
 1.64836900e+00  9.05861200e-02 
 1.64837000e+00  9.06155606e-02 
 1.64837100e+00  9.06424992e-02 
 1.64837200e+00  9.06723133e-02 
 1.64837300e+00  9.07026084e-02 
 1.64837400e+00  9.07308803e-02 
 1.64837500e+00  9.07528532e-02 
 1.64837600e+00  9.07794805e-02 
 1.64837700e+00  9.08086833e-02 
 1.64837800e+00  9.08389032e-02 
 1.64837900e+00  9.08655536e-02 
 1.64838000e+00  9.08939478e-02 
 1.64838100e+00  9.09324443e-02 
 1.64838200e+00  9.09646717e-02 
 1.64838300e+00  9.09919316e-02 
 1.64838400e+00  9.10223874e-02 
 1.64838500e+00  9.10500130e-02 
 1.64838600e+00  9.10817802e-02 
 1.64838700e+00  9.10979301e-02 
 1.64838800e+00  9.11271524e-02 
 1.64838900e+00  9.11587810e-02 
 1.64839000e+00  9.11878042e-02 
 1.64839100e+00  9.12158590e-02 
 1.64839200e+00  9.12512653e-02 
 1.64839300e+00  9.12824366e-02 
 1.64839400e+00  9.13095353e-02 
 1.64839500e+00  9.13406966e-02 
 1.64839600e+00  9.13679818e-02 
 1.64839700e+00  9.13993834e-02 
 1.64839800e+00  9.14209457e-02 
 1.64839900e+00  9.14512098e-02 
 1.64840000e+00  9.14799083e-02 
 1.64840100e+00  9.15093675e-02 
 1.64840200e+00  9.15391827e-02 
 1.64840300e+00  9.15778859e-02 
 1.64840400e+00  9.16084087e-02 
 1.64840500e+00  9.16377424e-02 
 1.64840600e+00  9.16682808e-02 
 1.64840700e+00  9.16983830e-02 
 1.64840800e+00  9.17260556e-02 
 1.64840900e+00  9.17593473e-02 
 1.64841000e+00  9.17770873e-02 
 1.64841100e+00  9.18097769e-02 
 1.64841200e+00  9.18384710e-02 
 1.64841300e+00  9.18696049e-02 
 1.64841400e+00  9.18977156e-02 
 1.64841500e+00  9.19254792e-02 
 1.64841600e+00  9.19651764e-02 
 1.64841700e+00  9.19956367e-02 
 1.64841800e+00  9.20232327e-02 
 1.64841900e+00  9.20524505e-02 
 1.64842000e+00  9.20845729e-02 
 1.64842100e+00  9.21094405e-02 
 1.64842200e+00  9.21360954e-02 
 1.64842300e+00  9.21697407e-02 
 1.64842400e+00  9.22006155e-02 
 1.64842500e+00  9.22304230e-02 
 1.64842600e+00  9.22600389e-02 
 1.64842700e+00  9.23003400e-02 
 1.64842800e+00  9.23314930e-02 
 1.64842900e+00  9.23625705e-02 
 1.64843000e+00  9.23931657e-02 
 1.64843100e+00  9.24230858e-02 
 1.64843200e+00  9.24461274e-02 
 1.64843300e+00  9.24751725e-02 
 1.64843400e+00  9.25064774e-02 
 1.64843500e+00  9.25356241e-02 
 1.64843600e+00  9.25667069e-02 
 1.64843700e+00  9.25981727e-02 
 1.64843800e+00  9.26236352e-02 
 1.64843900e+00  9.26650569e-02 
 1.64844000e+00  9.26965463e-02 
 1.64844100e+00  9.27281776e-02 
 1.64844200e+00  9.27613014e-02 
 1.64844300e+00  9.27914326e-02 
 1.64844400e+00  9.28147846e-02 
 1.64844500e+00  9.28456355e-02 
 1.64844600e+00  9.28784790e-02 
 1.64844700e+00  9.29086929e-02 
 1.64844800e+00  9.29390979e-02 
 1.64844900e+00  9.29701605e-02 
 1.64845000e+00  9.30104919e-02 
 1.64845100e+00  9.30424864e-02 
 1.64845200e+00  9.30742350e-02 
 1.64845300e+00  9.31080940e-02 
 1.64845400e+00  9.31392415e-02 
 1.64845500e+00  9.31694712e-02 
 1.64845600e+00  9.31916545e-02 
 1.64845700e+00  9.32225353e-02 
 1.64845800e+00  9.32524616e-02 
 1.64845900e+00  9.32851315e-02 
 1.64846000e+00  9.33185003e-02 
 1.64846100e+00  9.33491398e-02 
 1.64846200e+00  9.33849020e-02 
 1.64846300e+00  9.34212088e-02 
 1.64846400e+00  9.34507638e-02 
 1.64846500e+00  9.34847411e-02 
 1.64846600e+00  9.35131744e-02 
 1.64846700e+00  9.35484587e-02 
 1.64846800e+00  9.35732779e-02 
 1.64846900e+00  9.36050369e-02 
 1.64847000e+00  9.36356315e-02 
 1.64847100e+00  9.36667382e-02 
 1.64847200e+00  9.37011467e-02 
 1.64847300e+00  9.37439582e-02 
 1.64847400e+00  9.37752789e-02 
 1.64847500e+00  9.38103718e-02 
 1.64847600e+00  9.38411407e-02 
 1.64847700e+00  9.38708898e-02 
 1.64847800e+00  9.39032831e-02 
 1.64847900e+00  9.39270549e-02 
 1.64848000e+00  9.39599799e-02 
 1.64848100e+00  9.39906927e-02 
 1.64848200e+00  9.40236621e-02 
 1.64848300e+00  9.40570657e-02 
 1.64848400e+00  9.40902006e-02 
 1.64848500e+00  9.41306283e-02 
 1.64848600e+00  9.41618955e-02 
 1.64848700e+00  9.41964753e-02 
 1.64848800e+00  9.42265294e-02 
 1.64848900e+00  9.42595751e-02 
 1.64849000e+00  9.42939281e-02 
 1.64849100e+00  9.43197178e-02 
 1.64849200e+00  9.43535774e-02 
 1.64849300e+00  9.43870892e-02 
 1.64849400e+00  9.44202590e-02 
 1.64849500e+00  9.44510550e-02 
 1.64849600e+00  9.44855368e-02 
 1.64849700e+00  9.45279126e-02 
 1.64849800e+00  9.45608622e-02 
 1.64849900e+00  9.45934917e-02 
 1.64850000e+00  9.46302387e-02 
 1.64850100e+00  9.46607278e-02 
 1.64850200e+00  9.46816767e-02 
 1.64850300e+00  9.47162175e-02 
 1.64850400e+00  9.47521428e-02 
 1.64850500e+00  9.47845517e-02 
 1.64850600e+00  9.48204601e-02 
 1.64850700e+00  9.48512584e-02 
 1.64850800e+00  9.48947428e-02 
 1.64850900e+00  9.49267790e-02 
 1.64851000e+00  9.49581780e-02 
 1.64851100e+00  9.49929207e-02 
 1.64851200e+00  9.50290972e-02 
 1.64851300e+00  9.50615059e-02 
 1.64851400e+00  9.50897676e-02 
 1.64851500e+00  9.51216895e-02 
 1.64851600e+00  9.51574213e-02 
 1.64851700e+00  9.51905861e-02 
 1.64851800e+00  9.52230662e-02 
 1.64851900e+00  9.52586958e-02 
 1.64852000e+00  9.53000056e-02 
 1.64852100e+00  9.53382970e-02 
 1.64852200e+00  9.53714861e-02 
 1.64852300e+00  9.54059467e-02 
 1.64852400e+00  9.54398603e-02 
 1.64852500e+00  9.54746127e-02 
 1.64852600e+00  9.54987032e-02 
 1.64852700e+00  9.55313983e-02 
 1.64852800e+00  9.55648957e-02 
 1.64852900e+00  9.56006092e-02 
 1.64853000e+00  9.56358160e-02 
 1.64853100e+00  9.56755636e-02 
 1.64853200e+00  9.57113301e-02 
 1.64853300e+00  9.57477246e-02 
 1.64853400e+00  9.57795495e-02 
 1.64853500e+00  9.58176957e-02 
 1.64853600e+00  9.58499444e-02 
 1.64853700e+00  9.58786406e-02 
 1.64853800e+00  9.59107980e-02 
 1.64853900e+00  9.59465109e-02 
 1.64854000e+00  9.59804372e-02 
 1.64854100e+00  9.60160248e-02 
 1.64854200e+00  9.60537313e-02 
 1.64854300e+00  9.60991352e-02 
 1.64854400e+00  9.61339812e-02 
 1.64854500e+00  9.61702146e-02 
 1.64854600e+00  9.62028456e-02 
 1.64854700e+00  9.62372023e-02 
 1.64854800e+00  9.62757119e-02 
 1.64854900e+00  9.63006518e-02 
 1.64855000e+00  9.63336558e-02 
 1.64855100e+00  9.63688465e-02 
 1.64855200e+00  9.64073256e-02 
 1.64855300e+00  9.64446261e-02 
 1.64855400e+00  9.64776801e-02 
 1.64855500e+00  9.65205478e-02 
 1.64855600e+00  9.65570054e-02 
 1.64855700e+00  9.65912841e-02 
 1.64855800e+00  9.66273967e-02 
 1.64855900e+00  9.66611813e-02 
 1.64856000e+00  9.66881241e-02 
 1.64856100e+00  9.67256946e-02 
 1.64856200e+00  9.67616062e-02 
 1.64856300e+00  9.67987158e-02 
 1.64856400e+00  9.68349050e-02 
 1.64856500e+00  9.68730619e-02 
 1.64856600e+00  9.69207764e-02 
 1.64856700e+00  9.69533229e-02 
 1.64856800e+00  9.69907642e-02 
 1.64856900e+00  9.70282623e-02 
 1.64857000e+00  9.70610435e-02 
 1.64857100e+00  9.70995374e-02 
 1.64857200e+00  9.71226732e-02 
 1.64857300e+00  9.71619630e-02 
 1.64857400e+00  9.71989606e-02 
 1.64857500e+00  9.72367357e-02 
 1.64857600e+00  9.72703078e-02 
 1.64857700e+00  9.73084398e-02 
 1.64857800e+00  9.73532941e-02 
 1.64857900e+00  9.73872255e-02 
 1.64858000e+00  9.74222806e-02 
 1.64858100e+00  9.74590084e-02 
 1.64858200e+00  9.74968340e-02 
 1.64858300e+00  9.75367263e-02 
 1.64858400e+00  9.75646974e-02 
 1.64858500e+00  9.76016582e-02 
 1.64858600e+00  9.76397872e-02 
 1.64858700e+00  9.76752217e-02 
 1.64858800e+00  9.77115004e-02 
 1.64858900e+00  9.77495684e-02 
 1.64859000e+00  9.78006180e-02 
 1.64859100e+00  9.78391651e-02 
 1.64859200e+00  9.78724179e-02 
 1.64859300e+00  9.79117485e-02 
 1.64859400e+00  9.79510288e-02 
 1.64859500e+00  9.79872495e-02 
 1.64859600e+00  9.80108935e-02 
 1.64859700e+00  9.80466355e-02 
 1.64859800e+00  9.80892189e-02 
 1.64859900e+00  9.81218714e-02 
 1.64860000e+00  9.81626824e-02 
 1.64860100e+00  9.81983997e-02 
 1.64860200e+00  9.82445086e-02 
 1.64860300e+00  9.82863382e-02 
 1.64860400e+00  9.83197405e-02 
 1.64860500e+00  9.83602169e-02 
 1.64860600e+00  9.83983368e-02 
 1.64860700e+00  9.84299050e-02 
 1.64860800e+00  9.84678371e-02 
 1.64860900e+00  9.85039312e-02 
 1.64861000e+00  9.85392746e-02 
 1.64861100e+00  9.85790083e-02 
 1.64861200e+00  9.86219818e-02 
 1.64861300e+00  9.86666441e-02 
 1.64861400e+00  9.87076828e-02 
 1.64861500e+00  9.87467423e-02 
 1.64861600e+00  9.87836322e-02 
 1.64861700e+00  9.88265992e-02 
 1.64861800e+00  9.88614399e-02 
 1.64861900e+00  9.88863966e-02 
 1.64862000e+00  9.89237889e-02 
 1.64862100e+00  9.89628147e-02 
 1.64862200e+00  9.90049393e-02 
 1.64862300e+00  9.90429880e-02 
 1.64862400e+00  9.90807474e-02 
 1.64862500e+00  9.91284955e-02 
 1.64862600e+00  9.91670517e-02 
 1.64862700e+00  9.92054661e-02 
 1.64862800e+00  9.92436740e-02 
 1.64862900e+00  9.92847205e-02 
 1.64863000e+00  9.93229291e-02 
 1.64863100e+00  9.93537874e-02 
 1.64863200e+00  9.93929939e-02 
 1.64863300e+00  9.94363929e-02 
 1.64863400e+00  9.94750422e-02 
 1.64863500e+00  9.95141589e-02 
 1.64863600e+00  9.95535589e-02 
 1.64863700e+00  9.96041841e-02 
 1.64863800e+00  9.96425214e-02 
 1.64863900e+00  9.96841063e-02 
 1.64864000e+00  9.97205085e-02 
 1.64864100e+00  9.97613417e-02 
 1.64864200e+00  9.97875888e-02 
 1.64864300e+00  9.98269418e-02 
 1.64864400e+00  9.98717154e-02 
 1.64864500e+00  9.99107328e-02 
 1.64864600e+00  9.99477929e-02 
 1.64864700e+00  9.99897629e-02 
 1.64864800e+00  1.00037558e-01 
 1.64864900e+00  1.00076345e-01 
 1.64865000e+00  1.00117032e-01 
 1.64865100e+00  1.00156205e-01 
 1.64865200e+00  1.00195106e-01 
 1.64865300e+00  1.00239922e-01 
 1.64865400e+00  1.00272435e-01 
 1.64865500e+00  1.00312270e-01 
 1.64865600e+00  1.00352749e-01 
 1.64865700e+00  1.00390888e-01 
 1.64865800e+00  1.00429298e-01 
 1.64865900e+00  1.00473258e-01 
 1.64866000e+00  1.00526814e-01 
 1.64866100e+00  1.00567525e-01 
 1.64866200e+00  1.00609144e-01 
 1.64866300e+00  1.00648488e-01 
 1.64866400e+00  1.00692092e-01 
 1.64866500e+00  1.00733808e-01 
 1.64866600e+00  1.00760562e-01 
 1.64866700e+00  1.00798273e-01 
 1.64866800e+00  1.00841586e-01 
 1.64866900e+00  1.00883688e-01 
 1.64867000e+00  1.00922114e-01 
 1.64867100e+00  1.00964403e-01 
 1.64867200e+00  1.01013451e-01 
 1.64867300e+00  1.01057286e-01 
 1.64867400e+00  1.01099168e-01 
 1.64867500e+00  1.01139303e-01 
 1.64867600e+00  1.01184052e-01 
 1.64867700e+00  1.01209546e-01 
 1.64867800e+00  1.01256614e-01 
 1.64867900e+00  1.01293804e-01 
 1.64868000e+00  1.01341059e-01 
 1.64868100e+00  1.01381587e-01 
 1.64868200e+00  1.01421001e-01 
 1.64868300e+00  1.01475270e-01 
 1.64868400e+00  1.01519717e-01 
 1.64868500e+00  1.01563299e-01 
 1.64868600e+00  1.01603682e-01 
 1.64868700e+00  1.01644334e-01 
 1.64868800e+00  1.01675369e-01 
 1.64868900e+00  1.01716351e-01 
 1.64869000e+00  1.01758149e-01 
 1.64869100e+00  1.01802977e-01 
 1.64869200e+00  1.01842846e-01 
 1.64869300e+00  1.01887577e-01 
 1.64869400e+00  1.01930842e-01 
 1.64869500e+00  1.01982011e-01 
 1.64869600e+00  1.02022785e-01 
 1.64869700e+00  1.02066554e-01 
 1.64869800e+00  1.02108547e-01 
 1.64869900e+00  1.02150554e-01 
 1.64870000e+00  1.02193612e-01 
 1.64870100e+00  1.02224794e-01 
 1.64870200e+00  1.02270742e-01 
 1.64870300e+00  1.02311001e-01 
 1.64870400e+00  1.02359922e-01 
 1.64870500e+00  1.02401359e-01 
 1.64870600e+00  1.02443502e-01 
 1.64870700e+00  1.02504258e-01 
 1.64870800e+00  1.02545265e-01 
 1.64870900e+00  1.02586366e-01 
 1.64871000e+00  1.02632200e-01 
 1.64871100e+00  1.02674329e-01 
 1.64871200e+00  1.02705839e-01 
 1.64871300e+00  1.02752672e-01 
 1.64871400e+00  1.02793734e-01 
 1.64871500e+00  1.02839149e-01 
 1.64871600e+00  1.02880647e-01 
 1.64871700e+00  1.02924903e-01 
 1.64871800e+00  1.02975364e-01 
 1.64871900e+00  1.03016999e-01 
 1.64872000e+00  1.03062275e-01 
 1.64872100e+00  1.03108379e-01 
 1.64872200e+00  1.03153656e-01 
 1.64872300e+00  1.03197018e-01 
 1.64872400e+00  1.03231166e-01 
 1.64872500e+00  1.03277310e-01 
 1.64872600e+00  1.03321644e-01 
 1.64872700e+00  1.03366920e-01 
 1.64872800e+00  1.03409662e-01 
 1.64872900e+00  1.03456280e-01 
 1.64873000e+00  1.03512885e-01 
 1.64873100e+00  1.03556808e-01 
 1.64873200e+00  1.03588331e-01 
 1.64873300e+00  1.03644427e-01 
 1.64873400e+00  1.03694782e-01 
 1.64873500e+00  1.03737184e-01 
 1.64873600e+00  1.03768971e-01 
 1.64873700e+00  1.03809768e-01 
 1.64873800e+00  1.03856845e-01 
 1.64873900e+00  1.03901786e-01 
 1.64874000e+00  1.03947721e-01 
 1.64874100e+00  1.03994145e-01 
 1.64874200e+00  1.04045484e-01 
 1.64874300e+00  1.04092669e-01 
 1.64874400e+00  1.04134909e-01 
 1.64874500e+00  1.04181585e-01 
 1.64874600e+00  1.04228239e-01 
 1.64874700e+00  1.04262820e-01 
 1.64874800e+00  1.04310675e-01 
 1.64874900e+00  1.04357482e-01 
 1.64875000e+00  1.04402943e-01 
 1.64875100e+00  1.04448012e-01 
 1.64875200e+00  1.04493803e-01 
 1.64875300e+00  1.04543991e-01 
 1.64875400e+00  1.04604637e-01 
 1.64875500e+00  1.04648404e-01 
 1.64875600e+00  1.04692507e-01 
 1.64875700e+00  1.04741727e-01 
 1.64875800e+00  1.04787749e-01 
 1.64875900e+00  1.04816099e-01 
 1.64876000e+00  1.04865020e-01 
 1.64876100e+00  1.04910203e-01 
 1.64876200e+00  1.04952854e-01 
 1.64876300e+00  1.05004873e-01 
 1.64876400e+00  1.05051556e-01 
 1.64876500e+00  1.05107390e-01 
 1.64876600e+00  1.05153342e-01 
 1.64876700e+00  1.05200423e-01 
 1.64876800e+00  1.05247277e-01 
 1.64876900e+00  1.05292907e-01 
 1.64877000e+00  1.05341089e-01 
 1.64877100e+00  1.05376499e-01 
 1.64877200e+00  1.05424163e-01 
 1.64877300e+00  1.05474126e-01 
 1.64877400e+00  1.05522862e-01 
 1.64877500e+00  1.05568995e-01 
 1.64877600e+00  1.05617148e-01 
 1.64877700e+00  1.05678915e-01 
 1.64877800e+00  1.05727588e-01 
 1.64877900e+00  1.05774199e-01 
 1.64878000e+00  1.05819000e-01 
 1.64878100e+00  1.05869812e-01 
 1.64878200e+00  1.05915480e-01 
 1.64878300e+00  1.05944368e-01 
 1.64878400e+00  1.05998125e-01 
 1.64878500e+00  1.06044922e-01 
 1.64878600e+00  1.06092196e-01 
 1.64878700e+00  1.06141523e-01 
 1.64878800e+00  1.06189387e-01 
 1.64878900e+00  1.06246734e-01 
 1.64879000e+00  1.06292811e-01 
 1.64879100e+00  1.06341266e-01 
 1.64879200e+00  1.06390502e-01 
 1.64879300e+00  1.06441829e-01 
 1.64879400e+00  1.06479767e-01 
 1.64879500e+00  1.06528917e-01 
 1.64879600e+00  1.06577937e-01 
 1.64879700e+00  1.06624700e-01 
 1.64879800e+00  1.06671921e-01 
 1.64879900e+00  1.06719869e-01 
 1.64880000e+00  1.06786792e-01 
 1.64880100e+00  1.06834908e-01 
 1.64880200e+00  1.06882179e-01 
 1.64880300e+00  1.06935384e-01 
 1.64880400e+00  1.06982344e-01 
 1.64880500e+00  1.07034950e-01 
 1.64880600e+00  1.07067708e-01 
 1.64880700e+00  1.07116385e-01 
 1.64880800e+00  1.07164699e-01 
 1.64880900e+00  1.07212529e-01 
 1.64881000e+00  1.07263758e-01 
 1.64881100e+00  1.07314197e-01 
 1.64881200e+00  1.07373699e-01 
 1.64881300e+00  1.07428762e-01 
 1.64881400e+00  1.07476296e-01 
 1.64881500e+00  1.07523059e-01 
 1.64881600e+00  1.07572998e-01 
 1.64881700e+00  1.07606980e-01 
 1.64881800e+00  1.07663601e-01 
 1.64881900e+00  1.07714245e-01 
 1.64882000e+00  1.07763309e-01 
 1.64882100e+00  1.07811985e-01 
 1.64882200e+00  1.07862017e-01 
 1.64882300e+00  1.07930532e-01 
 1.64882400e+00  1.07981913e-01 
 1.64882500e+00  1.08030442e-01 
 1.64882600e+00  1.08086827e-01 
 1.64882700e+00  1.08132810e-01 
 1.64882800e+00  1.08184441e-01 
 1.64882900e+00  1.08219322e-01 
 1.64883000e+00  1.08267709e-01 
 1.64883100e+00  1.08319298e-01 
 1.64883200e+00  1.08368639e-01 
 1.64883300e+00  1.08422979e-01 
 1.64883400e+00  1.08475169e-01 
 1.64883500e+00  1.08538140e-01 
 1.64883600e+00  1.08589403e-01 
 1.64883700e+00  1.08641082e-01 
 1.64883800e+00  1.08689737e-01 
 1.64883900e+00  1.08739351e-01 
 1.64884000e+00  1.08791462e-01 
 1.64884100e+00  1.08830945e-01 
 1.64884200e+00  1.08885876e-01 
 1.64884300e+00  1.08939344e-01 
 1.64884400e+00  1.08992517e-01 
 1.64884500e+00  1.09044719e-01 
 1.64884600e+00  1.09096212e-01 
 1.64884700e+00  1.09163963e-01 
 1.64884800e+00  1.09212400e-01 
 1.64884900e+00  1.09265044e-01 
 1.64885000e+00  1.09321551e-01 
 1.64885100e+00  1.09369787e-01 
 1.64885200e+00  1.09422358e-01 
 1.64885300e+00  1.09463854e-01 
 1.64885400e+00  1.09515875e-01 
 1.64885500e+00  1.09565126e-01 
 1.64885600e+00  1.09619293e-01 
 1.64885700e+00  1.09669855e-01 
 1.64885800e+00  1.09728678e-01 
 1.64885900e+00  1.09788154e-01 
 1.64886000e+00  1.09839666e-01 
 1.64886100e+00  1.09890783e-01 
 1.64886200e+00  1.09945011e-01 
 1.64886300e+00  1.09997857e-01 
 1.64886400e+00  1.10052293e-01 
 1.64886500e+00  1.10099075e-01 
 1.64886600e+00  1.10149897e-01 
 1.64886700e+00  1.10203567e-01 
 1.64886800e+00  1.10258087e-01 
 1.64886900e+00  1.10309254e-01 
 1.64887000e+00  1.10383441e-01 
 1.64887100e+00  1.10432284e-01 
 1.64887200e+00  1.10487840e-01 
 1.64887300e+00  1.10541183e-01 
 1.64887400e+00  1.10598719e-01 
 1.64887500e+00  1.10653222e-01 
 1.64887600e+00  1.10688188e-01 
 1.64887700e+00  1.10749341e-01 
 1.64887800e+00  1.10797817e-01 
 1.64887900e+00  1.10852892e-01 
 1.64888000e+00  1.10905549e-01 
 1.64888100e+00  1.10962353e-01 
 1.64888200e+00  1.11008762e-01 
 1.64888300e+00  1.11079804e-01 
 1.64888400e+00  1.11135751e-01 
 1.64888500e+00  1.11192634e-01 
 1.64888600e+00  1.11247413e-01 
 1.64888700e+00  1.11303946e-01 
 1.64888800e+00  1.11342937e-01 
 1.64888900e+00  1.11396673e-01 
 1.64889000e+00  1.11456438e-01 
 1.64889100e+00  1.11508453e-01 
 1.64889200e+00  1.11566508e-01 
 1.64889300e+00  1.11621508e-01 
 1.64889400e+00  1.11699226e-01 
 1.64889500e+00  1.11750231e-01 
 1.64889600e+00  1.11808386e-01 
 1.64889700e+00  1.11863833e-01 
 1.64889800e+00  1.11921962e-01 
 1.64889900e+00  1.11973730e-01 
 1.64890000e+00  1.12009091e-01 
 1.64890100e+00  1.12064419e-01 
 1.64890200e+00  1.12124081e-01 
 1.64890300e+00  1.12183206e-01 
 1.64890400e+00  1.12238298e-01 
 1.64890500e+00  1.12296789e-01 
 1.64890600e+00  1.12362742e-01 
 1.64890700e+00  1.12416411e-01 
 1.64890800e+00  1.12478895e-01 
 1.64890900e+00  1.12532859e-01 
 1.64891000e+00  1.12585420e-01 
 1.64891100e+00  1.12632449e-01 
 1.64891200e+00  1.12687279e-01 
 1.64891300e+00  1.12745903e-01 
 1.64891400e+00  1.12808509e-01 
 1.64891500e+00  1.12864912e-01 
 1.64891600e+00  1.12918095e-01 
 1.64891700e+00  1.12996778e-01 
 1.64891800e+00  1.13057011e-01 
 1.64891900e+00  1.13107934e-01 
 1.64892000e+00  1.13170266e-01 
 1.64892100e+00  1.13223200e-01 
 1.64892200e+00  1.13281662e-01 
 1.64892300e+00  1.13316290e-01 
 1.64892400e+00  1.13382197e-01 
 1.64892500e+00  1.13436629e-01 
 1.64892600e+00  1.13494533e-01 
 1.64892700e+00  1.13555299e-01 
 1.64892800e+00  1.13615501e-01 
 1.64892900e+00  1.13662206e-01 
 1.64893000e+00  1.13744215e-01 
 1.64893100e+00  1.13796247e-01 
 1.64893200e+00  1.13854986e-01 
 1.64893300e+00  1.13912124e-01 
 1.64893400e+00  1.13975234e-01 
 1.64893500e+00  1.14018328e-01 
 1.64893600e+00  1.14080403e-01 
 1.64893700e+00  1.14141020e-01 
 1.64893800e+00  1.14196477e-01 
 1.64893900e+00  1.14255932e-01 
 1.64894000e+00  1.14317272e-01 
 1.64894100e+00  1.14392946e-01 
 1.64894200e+00  1.14452835e-01 
 1.64894300e+00  1.14509625e-01 
 1.64894400e+00  1.14571658e-01 
 1.64894500e+00  1.14630679e-01 
 1.64894600e+00  1.14670640e-01 
 1.64894700e+00  1.14730541e-01 
 1.64894800e+00  1.14790829e-01 
 1.64894900e+00  1.14851295e-01 
 1.64895000e+00  1.14912381e-01 
 1.64895100e+00  1.14969335e-01 
 1.64895200e+00  1.15026079e-01 
 1.64895300e+00  1.15104894e-01 
 1.64895400e+00  1.15167165e-01 
 1.64895500e+00  1.15224974e-01 
 1.64895600e+00  1.15284555e-01 
 1.64895700e+00  1.15343313e-01 
 1.64895800e+00  1.15408525e-01 
 1.64895900e+00  1.15451847e-01 
 1.64896000e+00  1.15514053e-01 
 1.64896100e+00  1.15575944e-01 
 1.64896200e+00  1.15632177e-01 
 1.64896300e+00  1.15695435e-01 
 1.64896400e+00  1.15763553e-01 
 1.64896500e+00  1.15840997e-01 
 1.64896600e+00  1.15901616e-01 
 1.64896700e+00  1.15962938e-01 
 1.64896800e+00  1.16021404e-01 
 1.64896900e+00  1.16083765e-01 
 1.64897000e+00  1.16147561e-01 
 1.64897100e+00  1.16187122e-01 
 1.64897200e+00  1.16250029e-01 
 1.64897300e+00  1.16308476e-01 
 1.64897400e+00  1.16377421e-01 
 1.64897500e+00  1.16434496e-01 
 1.64897600e+00  1.16493520e-01 
 1.64897700e+00  1.16577929e-01 
 1.64897800e+00  1.16637781e-01 
 1.64897900e+00  1.16699596e-01 
 1.64898000e+00  1.16761772e-01 
 1.64898100e+00  1.16819156e-01 
 1.64898200e+00  1.16883287e-01 
 1.64898300e+00  1.16935618e-01 
 1.64898400e+00  1.16996260e-01 
 1.64898500e+00  1.17062240e-01 
 1.64898600e+00  1.17125442e-01 
 1.64898700e+00  1.17187379e-01 
 1.64898800e+00  1.17272937e-01 
 1.64898900e+00  1.17335265e-01 
 1.64899000e+00  1.17397816e-01 
 1.64899100e+00  1.17455647e-01 
 1.64899200e+00  1.17523679e-01 
 1.64899300e+00  1.17586415e-01 
 1.64899400e+00  1.17631482e-01 
 1.64899500e+00  1.17699731e-01 
 1.64899600e+00  1.17761723e-01 
 1.64899700e+00  1.17821831e-01 
 1.64899800e+00  1.17885185e-01 
 1.64899900e+00  1.17946221e-01 
 1.64900000e+00  1.18002641e-01 
 1.64900100e+00  1.18091199e-01 
 1.64900200e+00  1.18154275e-01 
 1.64900300e+00  1.18218916e-01 
 1.64900400e+00  1.18279943e-01 
 1.64900500e+00  1.18351141e-01 
 1.64900600e+00  1.18413690e-01 
 1.64900700e+00  1.18465349e-01 
 1.64900800e+00  1.18531286e-01 
 1.64900900e+00  1.18598815e-01 
 1.64901000e+00  1.18659977e-01 
 1.64901100e+00  1.18724295e-01 
 1.64901200e+00  1.18809469e-01 
 1.64901300e+00  1.18875411e-01 
 1.64901400e+00  1.18939383e-01 
 1.64901500e+00  1.19006555e-01 
 1.64901600e+00  1.19075299e-01 
 1.64901700e+00  1.19141270e-01 
 1.64901800e+00  1.19180147e-01 
 1.64901900e+00  1.19250533e-01 
 1.64902000e+00  1.19316198e-01 
 1.64902100e+00  1.19383926e-01 
 1.64902200e+00  1.19446336e-01 
 1.64902300e+00  1.19515228e-01 
 1.64902400e+00  1.19593684e-01 
 1.64902500e+00  1.19663591e-01 
 1.64902600e+00  1.19727097e-01 
 1.64902700e+00  1.19793078e-01 
 1.64902800e+00  1.19845363e-01 
 1.64902900e+00  1.19904648e-01 
 1.64903000e+00  1.19982843e-01 
 1.64903100e+00  1.20044683e-01 
 1.64903200e+00  1.20111230e-01 
 1.64903300e+00  1.20182367e-01 
 1.64903400e+00  1.20255140e-01 
 1.64903500e+00  1.20335942e-01 
 1.64903600e+00  1.20407951e-01 
 1.64903700e+00  1.20471830e-01 
 1.64903800e+00  1.20544595e-01 
 1.64903900e+00  1.20607441e-01 
 1.64904000e+00  1.20668845e-01 
 1.64904100e+00  1.20722601e-01 
 1.64904200e+00  1.20786225e-01 
 1.64904300e+00  1.20856801e-01 
 1.64904400e+00  1.20928874e-01 
 1.64904500e+00  1.20990700e-01 
 1.64904600e+00  1.21060859e-01 
 1.64904700e+00  1.21128212e-01 
 1.64904800e+00  1.21216377e-01 
 1.64904900e+00  1.21282815e-01 
 1.64905000e+00  1.21352086e-01 
 1.64905100e+00  1.21418347e-01 
 1.64905200e+00  1.21486833e-01 
 1.64905300e+00  1.21541607e-01 
 1.64905400e+00  1.21613492e-01 
 1.64905500e+00  1.21684351e-01 
 1.64905600e+00  1.21748797e-01 
 1.64905700e+00  1.21819310e-01 
 1.64905800e+00  1.21892527e-01 
 1.64905900e+00  1.21955564e-01 
 1.64906000e+00  1.22054222e-01 
 1.64906100e+00  1.22116489e-01 
 1.64906200e+00  1.22171036e-01 
 1.64906300e+00  1.22261496e-01 
 1.64906400e+00  1.22326607e-01 
 1.64906500e+00  1.22379977e-01 
 1.64906600e+00  1.22445386e-01 
 1.64906700e+00  1.22517996e-01 
 1.64906800e+00  1.22590460e-01 
 1.64906900e+00  1.22661813e-01 
 1.64907000e+00  1.22726118e-01 
 1.64907100e+00  1.22814009e-01 
 1.64907200e+00  1.22881600e-01 
 1.64907300e+00  1.22956088e-01 
 1.64907400e+00  1.23019984e-01 
 1.64907500e+00  1.23098279e-01 
 1.64907600e+00  1.23171520e-01 
 1.64907700e+00  1.23224939e-01 
 1.64907800e+00  1.23297998e-01 
 1.64907900e+00  1.23367308e-01 
 1.64908000e+00  1.23441956e-01 
 1.64908100e+00  1.23514344e-01 
 1.64908200e+00  1.23574488e-01 
 1.64908300e+00  1.23679695e-01 
 1.64908400e+00  1.23747377e-01 
 1.64908500e+00  1.23826861e-01 
 1.64908600e+00  1.23893188e-01 
 1.64908700e+00  1.23973764e-01 
 1.64908800e+00  1.24040184e-01 
 1.64908900e+00  1.24090348e-01 
 1.64909000e+00  1.24160780e-01 
 1.64909100e+00  1.24230864e-01 
 1.64909200e+00  1.24305770e-01 
 1.64909300e+00  1.24380303e-01 
 1.64909400e+00  1.24452424e-01 
 1.64909500e+00  1.24547349e-01 
 1.64909600e+00  1.24617609e-01 
 1.64909700e+00  1.24690729e-01 
 1.64909800e+00  1.24764308e-01 
 1.64909900e+00  1.24836442e-01 
 1.64910000e+00  1.24903909e-01 
 1.64910100e+00  1.24963493e-01 
 1.64910200e+00  1.25036277e-01 
 1.64910300e+00  1.25110578e-01 
 1.64910400e+00  1.25180672e-01 
 1.64910500e+00  1.25263110e-01 
 1.64910600e+00  1.25337656e-01 
 1.64910700e+00  1.25433341e-01 
 1.64910800e+00  1.25514590e-01 
 1.64910900e+00  1.25585417e-01 
 1.64911000e+00  1.25659753e-01 
 1.64911100e+00  1.25730568e-01 
 1.64911200e+00  1.25779114e-01 
 1.64911300e+00  1.25857614e-01 
 1.64911400e+00  1.25929531e-01 
 1.64911500e+00  1.26013355e-01 
 1.64911600e+00  1.26088644e-01 
 1.64911700e+00  1.26157028e-01 
 1.64911800e+00  1.26224687e-01 
 1.64911900e+00  1.26329881e-01 
 1.64912000e+00  1.26400663e-01 
 1.64912100e+00  1.26473359e-01 
 1.64912200e+00  1.26545685e-01 
 1.64912300e+00  1.26619441e-01 
 1.64912400e+00  1.26676459e-01 
 1.64912500e+00  1.26760644e-01 
 1.64912600e+00  1.26840541e-01 
 1.64912700e+00  1.26916719e-01 
 1.64912800e+00  1.26991595e-01 
 1.64912900e+00  1.27073093e-01 
 1.64913000e+00  1.27142324e-01 
 1.64913100e+00  1.27247973e-01 
 1.64913200e+00  1.27326961e-01 
 1.64913300e+00  1.27399620e-01 
 1.64913400e+00  1.27480011e-01 
 1.64913500e+00  1.27554420e-01 
 1.64913600e+00  1.27611162e-01 
 1.64913700e+00  1.27688460e-01 
 1.64913800e+00  1.27760218e-01 
 1.64913900e+00  1.27844095e-01 
 1.64914000e+00  1.27919689e-01 
 1.64914100e+00  1.27997139e-01 
 1.64914200e+00  1.28062442e-01 
 1.64914300e+00  1.28168967e-01 
 1.64914400e+00  1.28246503e-01 
 1.64914500e+00  1.28318535e-01 
 1.64914600e+00  1.28407613e-01 
 1.64914700e+00  1.28484107e-01 
 1.64914800e+00  1.28541224e-01 
 1.64914900e+00  1.28620092e-01 
 1.64915000e+00  1.28693504e-01 
 1.64915100e+00  1.28780937e-01 
 1.64915200e+00  1.28856032e-01 
 1.64915300e+00  1.28934192e-01 
 1.64915400e+00  1.29042374e-01 
 1.64915500e+00  1.29117438e-01 
 1.64915600e+00  1.29200927e-01 
 1.64915700e+00  1.29283367e-01 
 1.64915800e+00  1.29365695e-01 
 1.64915900e+00  1.29444446e-01 
 1.64916000e+00  1.29491606e-01 
 1.64916100e+00  1.29575519e-01 
 1.64916200e+00  1.29648302e-01 
 1.64916300e+00  1.29736107e-01 
 1.64916400e+00  1.29815270e-01 
 1.64916500e+00  1.29897203e-01 
 1.64916600e+00  1.29992406e-01 
 1.64916700e+00  1.30074597e-01 
 1.64916800e+00  1.30156369e-01 
 1.64916900e+00  1.30232765e-01 
 1.64917000e+00  1.30318376e-01 
 1.64917100e+00  1.30367359e-01 
 1.64917200e+00  1.30457603e-01 
 1.64917300e+00  1.30538736e-01 
 1.64917400e+00  1.30621927e-01 
 1.64917500e+00  1.30704511e-01 
 1.64917600e+00  1.30787256e-01 
 1.64917700e+00  1.30875297e-01 
 1.64917800e+00  1.30974397e-01 
 1.64917900e+00  1.31055526e-01 
 1.64918000e+00  1.31148680e-01 
 1.64918100e+00  1.31215470e-01 
 1.64918200e+00  1.31305802e-01 
 1.64918300e+00  1.31391265e-01 
 1.64918400e+00  1.31444286e-01 
 1.64918500e+00  1.31528142e-01 
 1.64918600e+00  1.31614592e-01 
 1.64918700e+00  1.31694838e-01 
 1.64918800e+00  1.31769195e-01 
 1.64918900e+00  1.31860650e-01 
 1.64919000e+00  1.31958490e-01 
 1.64919100e+00  1.32044266e-01 
 1.64919200e+00  1.32125650e-01 
 1.64919300e+00  1.32205767e-01 
 1.64919400e+00  1.32291451e-01 
 1.64919500e+00  1.32370553e-01 
 1.64919600e+00  1.32448506e-01 
 1.64919700e+00  1.32526718e-01 
 1.64919800e+00  1.32612911e-01 
 1.64919900e+00  1.32691252e-01 
 1.64920000e+00  1.32780282e-01 
 1.64920100e+00  1.32860817e-01 
 1.64920200e+00  1.32976693e-01 
 1.64920300e+00  1.33060327e-01 
 1.64920400e+00  1.33140204e-01 
 1.64920500e+00  1.33223028e-01 
 1.64920600e+00  1.33314147e-01 
 1.64920700e+00  1.33374775e-01 
 1.64920800e+00  1.33458139e-01 
 1.64920900e+00  1.33546750e-01 
 1.64921000e+00  1.33630081e-01 
 1.64921100e+00  1.33719549e-01 
 1.64921200e+00  1.33800185e-01 
 1.64921300e+00  1.33870119e-01 
 1.64921400e+00  1.33986273e-01 
 1.64921500e+00  1.34073550e-01 
 1.64921600e+00  1.34172570e-01 
 1.64921700e+00  1.34255723e-01 
 1.64921800e+00  1.34341054e-01 
 1.64921900e+00  1.34395118e-01 
 1.64922000e+00  1.34489380e-01 
 1.64922100e+00  1.34579516e-01 
 1.64922200e+00  1.34661310e-01 
 1.64922300e+00  1.34757607e-01 
 1.64922400e+00  1.34841849e-01 
 1.64922500e+00  1.34927040e-01 
 1.64922600e+00  1.35043492e-01 
 1.64922700e+00  1.35138027e-01 
 1.64922800e+00  1.35217619e-01 
 1.64922900e+00  1.35304908e-01 
 1.64923000e+00  1.35397595e-01 
 1.64923100e+00  1.35452465e-01 
 1.64923200e+00  1.35548420e-01 
 1.64923300e+00  1.35628201e-01 
 1.64923400e+00  1.35713086e-01 
 1.64923500e+00  1.35802788e-01 
 1.64923600e+00  1.35902078e-01 
 1.64923700e+00  1.35972061e-01 
 1.64923800e+00  1.36097488e-01 
 1.64923900e+00  1.36185190e-01 
 1.64924000e+00  1.36267837e-01 
 1.64924100e+00  1.36354887e-01 
 1.64924200e+00  1.36450815e-01 
 1.64924300e+00  1.36501463e-01 
 1.64924400e+00  1.36612241e-01 
 1.64924500e+00  1.36693402e-01 
 1.64924600e+00  1.36787268e-01 
 1.64924700e+00  1.36882031e-01 
 1.64924800e+00  1.36967210e-01 
 1.64924900e+00  1.37058397e-01 
 1.64925000e+00  1.37182004e-01 
 1.64925100e+00  1.37267655e-01 
 1.64925200e+00  1.37366027e-01 
 1.64925300e+00  1.37457570e-01 
 1.64925400e+00  1.37544377e-01 
 1.64925500e+00  1.37603175e-01 
 1.64925600e+00  1.37702239e-01 
 1.64925700e+00  1.37790902e-01 
 1.64925800e+00  1.37877014e-01 
 1.64925900e+00  1.37969096e-01 
 1.64926000e+00  1.38059283e-01 
 1.64926100e+00  1.38141242e-01 
 1.64926200e+00  1.38264397e-01 
 1.64926300e+00  1.38360607e-01 
 1.64926400e+00  1.38445459e-01 
 1.64926500e+00  1.38539324e-01 
 1.64926600e+00  1.38638821e-01 
 1.64926700e+00  1.38699845e-01 
 1.64926800e+00  1.38797596e-01 
 1.64926900e+00  1.38895214e-01 
 1.64927000e+00  1.38991609e-01 
 1.64927100e+00  1.39079302e-01 
 1.64927200e+00  1.39173304e-01 
 1.64927300e+00  1.39298897e-01 
 1.64927400e+00  1.39383514e-01 
 1.64927500e+00  1.39482570e-01 
 1.64927600e+00  1.39573262e-01 
 1.64927700e+00  1.39673280e-01 
 1.64927800e+00  1.39767260e-01 
 1.64927900e+00  1.39829885e-01 
 1.64928000e+00  1.39929732e-01 
 1.64928100e+00  1.40015968e-01 
 1.64928200e+00  1.40112325e-01 
 1.64928300e+00  1.40199661e-01 
 1.64928400e+00  1.40296984e-01 
 1.64928500e+00  1.40379892e-01 
 1.64928600e+00  1.40512534e-01 
 1.64928700e+00  1.40606307e-01 
 1.64928800e+00  1.40707017e-01 
 1.64928900e+00  1.40797465e-01 
 1.64929000e+00  1.40875633e-01 
 1.64929100e+00  1.40953147e-01 
 1.64929200e+00  1.41058930e-01 
 1.64929300e+00  1.41162849e-01 
 1.64929400e+00  1.41259758e-01 
 1.64929500e+00  1.41348274e-01 
 1.64929600e+00  1.41453552e-01 
 1.64929700e+00  1.41577816e-01 
 1.64929800e+00  1.41674719e-01 
 1.64929900e+00  1.41780404e-01 
 1.64930000e+00  1.41872345e-01 
 1.64930100e+00  1.41967151e-01 
 1.64930200e+00  1.42062518e-01 
 1.64930300e+00  1.42128528e-01 
 1.64930400e+00  1.42226139e-01 
 1.64930500e+00  1.42322206e-01 
 1.64930600e+00  1.42420928e-01 
 1.64930700e+00  1.42521662e-01 
 1.64930800e+00  1.42604045e-01 
 1.64930900e+00  1.42709848e-01 
 1.64931000e+00  1.42839384e-01 
 1.64931100e+00  1.42933644e-01 
 1.64931200e+00  1.43032707e-01 
 1.64931300e+00  1.43130875e-01 
 1.64931400e+00  1.43194497e-01 
 1.64931500e+00  1.43300848e-01 
 1.64931600e+00  1.43405260e-01 
 1.64931700e+00  1.43520560e-01 
 1.64931800e+00  1.43608208e-01 
 1.64931900e+00  1.43716284e-01 
 1.64932000e+00  1.43806906e-01 
 1.64932100e+00  1.43942999e-01 
 1.64932200e+00  1.44046230e-01 
 1.64932300e+00  1.44147210e-01 
 1.64932400e+00  1.44240370e-01 
 1.64932500e+00  1.44340200e-01 
 1.64932600e+00  1.44447765e-01 
 1.64932700e+00  1.44505183e-01 
 1.64932800e+00  1.44611286e-01 
 1.64932900e+00  1.44709332e-01 
 1.64933000e+00  1.44813999e-01 
 1.64933100e+00  1.44921995e-01 
 1.64933200e+00  1.45013923e-01 
 1.64933300e+00  1.45108536e-01 
 1.64933400e+00  1.45247858e-01 
 1.64933500e+00  1.45344869e-01 
 1.64933600e+00  1.45448901e-01 
 1.64933700e+00  1.45554484e-01 
 1.64933800e+00  1.45619665e-01 
 1.64933900e+00  1.45733522e-01 
 1.64934000e+00  1.45835929e-01 
 1.64934100e+00  1.45939468e-01 
 1.64934200e+00  1.46041386e-01 
 1.64934300e+00  1.46149080e-01 
 1.64934400e+00  1.46247628e-01 
 1.64934500e+00  1.46383063e-01 
 1.64934600e+00  1.46485752e-01 
 1.64934700e+00  1.46589202e-01 
 1.64934800e+00  1.46702472e-01 
 1.64934900e+00  1.46808359e-01 
 1.64935000e+00  1.46912572e-01 
 1.64935100e+00  1.46976313e-01 
 1.64935200e+00  1.47084847e-01 
 1.64935300e+00  1.47189094e-01 
 1.64935400e+00  1.47287072e-01 
 1.64935500e+00  1.47396637e-01 
 1.64935600e+00  1.47506557e-01 
 1.64935700e+00  1.47600109e-01 
 1.64935800e+00  1.47735245e-01 
 1.64935900e+00  1.47844094e-01 
 1.64936000e+00  1.47949580e-01 
 1.64936100e+00  1.48052281e-01 
 1.64936200e+00  1.48129338e-01 
 1.64936300e+00  1.48227891e-01 
 1.64936400e+00  1.48350062e-01 
 1.64936500e+00  1.48457222e-01 
 1.64936600e+00  1.48559548e-01 
 1.64936700e+00  1.48667485e-01 
 1.64936800e+00  1.48779141e-01 
 1.64936900e+00  1.48920752e-01 
 1.64937000e+00  1.49026249e-01 
 1.64937100e+00  1.49143159e-01 
 1.64937200e+00  1.49240467e-01 
 1.64937300e+00  1.49355207e-01 
 1.64937400e+00  1.49427751e-01 
 1.64937500e+00  1.49551766e-01 
 1.64937600e+00  1.49632058e-01 
 1.64937700e+00  1.49752581e-01 
 1.64937800e+00  1.49864284e-01 
 1.64937900e+00  1.49968071e-01 
 1.64938000e+00  1.50079997e-01 
 1.64938100e+00  1.50178356e-01 
 1.64938200e+00  1.50326461e-01 
 1.64938300e+00  1.50432505e-01 
 1.64938400e+00  1.50534278e-01 
 1.64938500e+00  1.50638995e-01 
 1.64938600e+00  1.50720452e-01 
 1.64938700e+00  1.50839341e-01 
 1.64938800e+00  1.50963569e-01 
 1.64938900e+00  1.51067477e-01 
 1.64939000e+00  1.51182676e-01 
 1.64939100e+00  1.51291449e-01 
 1.64939200e+00  1.51399527e-01 
 1.64939300e+00  1.51549417e-01 
 1.64939400e+00  1.51657307e-01 
 1.64939500e+00  1.51772740e-01 
 1.64939600e+00  1.51879664e-01 
 1.64939700e+00  1.51995114e-01 
 1.64939800e+00  1.52078139e-01 
 1.64939900e+00  1.52187793e-01 
 1.64940000e+00  1.52300798e-01 
 1.64940100e+00  1.52412723e-01 
 1.64940200e+00  1.52529505e-01 
 1.64940300e+00  1.52641291e-01 
 1.64940400e+00  1.52748926e-01 
 1.64940500e+00  1.52846832e-01 
 1.64940600e+00  1.52994948e-01 
 1.64940700e+00  1.53108052e-01 
 1.64940800e+00  1.53224314e-01 
 1.64940900e+00  1.53341638e-01 
 1.64941000e+00  1.53421223e-01 
 1.64941100e+00  1.53534599e-01 
 1.64941200e+00  1.53656261e-01 
 1.64941300e+00  1.53771002e-01 
 1.64941400e+00  1.53889154e-01 
 1.64941500e+00  1.54006641e-01 
 1.64941600e+00  1.54123262e-01 
 1.64941700e+00  1.54274987e-01 
 1.64941800e+00  1.54388491e-01 
 1.64941900e+00  1.54514177e-01 
 1.64942000e+00  1.54627294e-01 
 1.64942100e+00  1.54743601e-01 
 1.64942200e+00  1.54820017e-01 
 1.64942300e+00  1.54936564e-01 
 1.64942400e+00  1.55051904e-01 
 1.64942500e+00  1.55167828e-01 
 1.64942600e+00  1.55284682e-01 
 1.64942700e+00  1.55404352e-01 
 1.64942800e+00  1.55507729e-01 
 1.64942900e+00  1.55627241e-01 
 1.64943000e+00  1.55782024e-01 
 1.64943100e+00  1.55899850e-01 
 1.64943200e+00  1.56012854e-01 
 1.64943300e+00  1.56140648e-01 
 1.64943400e+00  1.56215977e-01 
 1.64943500e+00  1.56342348e-01 
 1.64943600e+00  1.56464498e-01 
 1.64943700e+00  1.56583689e-01 
 1.64943800e+00  1.56713934e-01 
 1.64943900e+00  1.56827538e-01 
 1.64944000e+00  1.56952328e-01 
 1.64944100e+00  1.57066187e-01 
 1.64944200e+00  1.57234922e-01 
 1.64944300e+00  1.57356086e-01 
 1.64944400e+00  1.57465347e-01 
 1.64944500e+00  1.57595848e-01 
 1.64944600e+00  1.57665284e-01 
 1.64944700e+00  1.57795578e-01 
 1.64944800e+00  1.57910073e-01 
 1.64944900e+00  1.58042951e-01 
 1.64945000e+00  1.58156321e-01 
 1.64945100e+00  1.58279780e-01 
 1.64945200e+00  1.58409307e-01 
 1.64945300e+00  1.58512434e-01 
 1.64945400e+00  1.58677596e-01 
 1.64945500e+00  1.58800586e-01 
 1.64945600e+00  1.58914779e-01 
 1.64945700e+00  1.59045862e-01 
 1.64945800e+00  1.59122152e-01 
 1.64945900e+00  1.59254846e-01 
 1.64946000e+00  1.59395108e-01 
 1.64946100e+00  1.59518426e-01 
 1.64946200e+00  1.59651674e-01 
 1.64946300e+00  1.59771718e-01 
 1.64946400e+00  1.59894311e-01 
 1.64946500e+00  1.60056443e-01 
 1.64946600e+00  1.60174462e-01 
 1.64946700e+00  1.60304833e-01 
 1.64946800e+00  1.60423658e-01 
 1.64946900e+00  1.60560675e-01 
 1.64947000e+00  1.60652382e-01 
 1.64947100e+00  1.60774116e-01 
 1.64947200e+00  1.60903542e-01 
 1.64947300e+00  1.61028863e-01 
 1.64947400e+00  1.61150943e-01 
 1.64947500e+00  1.61271774e-01 
 1.64947600e+00  1.61410512e-01 
 1.64947700e+00  1.61515515e-01 
 1.64947800e+00  1.61683670e-01 
 1.64947900e+00  1.61823570e-01 
 1.64948000e+00  1.61958380e-01 
 1.64948100e+00  1.62081467e-01 
 1.64948200e+00  1.62200396e-01 
 1.64948300e+00  1.62292880e-01 
 1.64948400e+00  1.62436812e-01 
 1.64948500e+00  1.62563905e-01 
 1.64948600e+00  1.62689612e-01 
 1.64948700e+00  1.62818537e-01 
 1.64948800e+00  1.62962832e-01 
 1.64948900e+00  1.63080748e-01 
 1.64949000e+00  1.63259520e-01 
 1.64949100e+00  1.63401404e-01 
 1.64949200e+00  1.63529583e-01 
 1.64949300e+00  1.63655346e-01 
 1.64949400e+00  1.63745212e-01 
 1.64949500e+00  1.63878141e-01 
 1.64949600e+00  1.64004693e-01 
 1.64949700e+00  1.64141382e-01 
 1.64949800e+00  1.64276079e-01 
 1.64949900e+00  1.64421356e-01 
 1.64950000e+00  1.64547784e-01 
 1.64950100e+00  1.64664499e-01 
 1.64950200e+00  1.64839076e-01 
 1.64950300e+00  1.64975822e-01 
 1.64950400e+00  1.65100574e-01 
 1.64950500e+00  1.65237013e-01 
 1.64950600e+00  1.65363448e-01 
 1.64950700e+00  1.65459466e-01 
 1.64950800e+00  1.65601752e-01 
 1.64950900e+00  1.65747867e-01 
 1.64951000e+00  1.65892206e-01 
 1.64951100e+00  1.66023468e-01 
 1.64951200e+00  1.66169553e-01 
 1.64951300e+00  1.66299843e-01 
 1.64951400e+00  1.66475016e-01 
 1.64951500e+00  1.66619597e-01 
 1.64951600e+00  1.66747698e-01 
 1.64951700e+00  1.66888162e-01 
 1.64951800e+00  1.66988461e-01 
 1.64951900e+00  1.67121720e-01 
 1.64952000e+00  1.67264847e-01 
 1.64952100e+00  1.67408838e-01 
 1.64952200e+00  1.67546163e-01 
 1.64952300e+00  1.67677834e-01 
 1.64952400e+00  1.67824997e-01 
 1.64952500e+00  1.67935155e-01 
 1.64952600e+00  1.68117072e-01 
 1.64952700e+00  1.68272393e-01 
 1.64952800e+00  1.68405379e-01 
 1.64952900e+00  1.68560479e-01 
 1.64953000e+00  1.68687951e-01 
 1.64953100e+00  1.68787863e-01 
 1.64953200e+00  1.68927699e-01 
 1.64953300e+00  1.69098153e-01 
 1.64953400e+00  1.69232586e-01 
 1.64953500e+00  1.69375196e-01 
 1.64953600e+00  1.69522342e-01 
 1.64953700e+00  1.69666857e-01 
 1.64953800e+00  1.69849750e-01 
 1.64953900e+00  1.69996745e-01 
 1.64954000e+00  1.70133624e-01 
 1.64954100e+00  1.70300381e-01 
 1.64954200e+00  1.70429924e-01 
 1.64954300e+00  1.70535515e-01 
 1.64954400e+00  1.70678992e-01 
 1.64954500e+00  1.70822359e-01 
 1.64954600e+00  1.70959996e-01 
 1.64954700e+00  1.71106506e-01 
 1.64954800e+00  1.71258460e-01 
 1.64954900e+00  1.71383416e-01 
 1.64955000e+00  1.71543531e-01 
 1.64955100e+00  1.71730402e-01 
 1.64955200e+00  1.71891730e-01 
 1.64955300e+00  1.72032612e-01 
 1.64955400e+00  1.72176001e-01 
 1.64955500e+00  1.72277907e-01 
 1.64955600e+00  1.72436288e-01 
 1.64955700e+00  1.72593884e-01 
 1.64955800e+00  1.72752822e-01 
 1.64955900e+00  1.72902908e-01 
 1.64956000e+00  1.73058496e-01 
 1.64956100e+00  1.73216772e-01 
 1.64956200e+00  1.73409885e-01 
 1.64956300e+00  1.73548954e-01 
 1.64956400e+00  1.73709947e-01 
 1.64956500e+00  1.73866791e-01 
 1.64956600e+00  1.74012243e-01 
 1.64956700e+00  1.74109322e-01 
 1.64956800e+00  1.74263819e-01 
 1.64956900e+00  1.74418313e-01 
 1.64957000e+00  1.74572479e-01 
 1.64957100e+00  1.74735800e-01 
 1.64957200e+00  1.74884688e-01 
 1.64957300e+00  1.75027402e-01 
 1.64957400e+00  1.75235508e-01 
 1.64957500e+00  1.75387604e-01 
 1.64957600e+00  1.75556769e-01 
 1.64957700e+00  1.75696461e-01 
 1.64957800e+00  1.75808880e-01 
 1.64957900e+00  1.75962964e-01 
 1.64958000e+00  1.76115986e-01 
 1.64958100e+00  1.76303434e-01 
 1.64958200e+00  1.76469179e-01 
 1.64958300e+00  1.76619441e-01 
 1.64958400e+00  1.76785896e-01 
 1.64958500e+00  1.76936952e-01 
 1.64958600e+00  1.77095931e-01 
 1.64958700e+00  1.77312869e-01 
 1.64958800e+00  1.77478520e-01 
 1.64958900e+00  1.77622143e-01 
 1.64959000e+00  1.77740205e-01 
 1.64959100e+00  1.77892861e-01 
 1.64959200e+00  1.78070933e-01 
 1.64959300e+00  1.78245501e-01 
 1.64959400e+00  1.78391850e-01 
 1.64959500e+00  1.78570136e-01 
 1.64959600e+00  1.78735603e-01 
 1.64959700e+00  1.78874812e-01 
 1.64959800e+00  1.79029657e-01 
 1.64959900e+00  1.79263682e-01 
 1.64960000e+00  1.79421926e-01 
 1.64960100e+00  1.79584777e-01 
 1.64960200e+00  1.79710587e-01 
 1.64960300e+00  1.79886738e-01 
 1.64960400e+00  1.80047231e-01 
 1.64960500e+00  1.80237121e-01 
 1.64960600e+00  1.80409454e-01 
 1.64960700e+00  1.80570029e-01 
 1.64960800e+00  1.80731830e-01 
 1.64960900e+00  1.80901204e-01 
 1.64961000e+00  1.81074265e-01 
 1.64961100e+00  1.81315262e-01 
 1.64961200e+00  1.81485895e-01 
 1.64961300e+00  1.81653352e-01 
 1.64961400e+00  1.81834794e-01 
 1.64961500e+00  1.82008524e-01 
 1.64961600e+00  1.82125826e-01 
 1.64961700e+00  1.82302180e-01 
 1.64961800e+00  1.82478968e-01 
 1.64961900e+00  1.82649604e-01 
 1.64962000e+00  1.82826758e-01 
 1.64962100e+00  1.82988756e-01 
 1.64962200e+00  1.83161819e-01 
 1.64962300e+00  1.83397786e-01 
 1.64962400e+00  1.83569965e-01 
 1.64962500e+00  1.83766088e-01 
 1.64962600e+00  1.83941400e-01 
 1.64962700e+00  1.84110880e-01 
 1.64962800e+00  1.84222471e-01 
 1.64962900e+00  1.84411782e-01 
 1.64963000e+00  1.84610870e-01 
 1.64963100e+00  1.84803323e-01 
 1.64963200e+00  1.84979563e-01 
 1.64963300e+00  1.85167382e-01 
 1.64963400e+00  1.85339373e-01 
 1.64963500e+00  1.85600031e-01 
 1.64963600e+00  1.85787949e-01 
 1.64963700e+00  1.85965835e-01 
 1.64963800e+00  1.86164213e-01 
 1.64963900e+00  1.86288245e-01 
 1.64964000e+00  1.86459483e-01 
 1.64964100e+00  1.86655690e-01 
 1.64964200e+00  1.86854904e-01 
 1.64964300e+00  1.87054317e-01 
 1.64964400e+00  1.87236106e-01 
 1.64964500e+00  1.87419753e-01 
 1.64964600e+00  1.87585509e-01 
 1.64964700e+00  1.87772383e-01 
 1.64964800e+00  1.88040608e-01 
 1.64964900e+00  1.88236019e-01 
 1.64965000e+00  1.88428092e-01 
 1.64965100e+00  1.88554900e-01 
 1.64965200e+00  1.88744464e-01 
 1.64965300e+00  1.88965990e-01 
 1.64965400e+00  1.89187332e-01 
 1.64965500e+00  1.89391600e-01 
 1.64965600e+00  1.89580261e-01 
 1.64965700e+00  1.89771898e-01 
 1.64965800e+00  1.89973644e-01 
 1.64965900e+00  1.90170732e-01 
 1.64966000e+00  1.90453540e-01 
 1.64966100e+00  1.90652812e-01 
 1.64966200e+00  1.90859144e-01 
 1.64966300e+00  1.90998184e-01 
 1.64966400e+00  1.91203242e-01 
 1.64966500e+00  1.91411103e-01 
 1.64966600e+00  1.91625356e-01 
 1.64966700e+00  1.91832860e-01 
 1.64966800e+00  1.92034445e-01 
 1.64966900e+00  1.92237896e-01 
 1.64967000e+00  1.92414989e-01 
 1.64967100e+00  1.92620025e-01 
 1.64967200e+00  1.92916571e-01 
 1.64967300e+00  1.93140839e-01 
 1.64967400e+00  1.93354616e-01 
 1.64967500e+00  1.93561389e-01 
 1.64967600e+00  1.93713604e-01 
 1.64967700e+00  1.93937343e-01 
 1.64967800e+00  1.94161671e-01 
 1.64967900e+00  1.94388490e-01 
 1.64968000e+00  1.94604649e-01 
 1.64968100e+00  1.94844295e-01 
 1.64968200e+00  1.95061122e-01 
 1.64968300e+00  1.95300959e-01 
 1.64968400e+00  1.95605303e-01 
 1.64968500e+00  1.95825280e-01 
 1.64968600e+00  1.96047502e-01 
 1.64968700e+00  1.96269651e-01 
 1.64968800e+00  1.96424644e-01 
 1.64968900e+00  1.96659662e-01 
 1.64969000e+00  1.96884862e-01 
 1.64969100e+00  1.97125573e-01 
 1.64969200e+00  1.97343605e-01 
 1.64969300e+00  1.97594525e-01 
 1.64969400e+00  1.97816759e-01 
 1.64969500e+00  1.98053842e-01 
 1.64969600e+00  1.98288785e-01 
 1.64969700e+00  1.98599123e-01 
 1.64969800e+00  1.98841422e-01 
 1.64969900e+00  1.99018240e-01 
 1.64970000e+00  1.99263502e-01 
 1.64970100e+00  1.99505617e-01 
 1.64970200e+00  1.99764410e-01 
 1.64970300e+00  2.00037329e-01 
 1.64970400e+00  2.00307855e-01 
 1.64970500e+00  2.00537750e-01 
 1.64970600e+00  2.00793905e-01 
 1.64970700e+00  2.01049054e-01 
 1.64970800e+00  2.01328928e-01 
 1.64970900e+00  2.01679635e-01 
 1.64971000e+00  2.01902578e-01 
 1.64971100e+00  2.02102547e-01 
 1.64971200e+00  2.02354990e-01 
 1.64971300e+00  2.02640995e-01 
 1.64971400e+00  2.02916704e-01 
 1.64971500e+00  2.03176937e-01 
 1.64971600e+00  2.03445538e-01 
 1.64971700e+00  2.03721353e-01 
 1.64971800e+00  2.03960403e-01 
 1.64971900e+00  2.04238766e-01 
 1.64972000e+00  2.04514552e-01 
 1.64972100e+00  2.04897016e-01 
 1.64972200e+00  2.05179233e-01 
 1.64972300e+00  2.05477262e-01 
 1.64972400e+00  2.05702106e-01 
 1.64972500e+00  2.05992090e-01 
 1.64972600e+00  2.06274000e-01 
 1.64972700e+00  2.06592221e-01 
 1.64972800e+00  2.06921372e-01 
 1.64972900e+00  2.07212775e-01 
 1.64973000e+00  2.07502442e-01 
 1.64973100e+00  2.07832191e-01 
 1.64973200e+00  2.08136632e-01 
 1.64973300e+00  2.08549363e-01 
 1.64973400e+00  2.08870861e-01 
 1.64973500e+00  2.09211882e-01 
 1.64973600e+00  2.09432914e-01 
 1.64973700e+00  2.09760768e-01 
 1.64973800e+00  2.10101410e-01 
 1.64973900e+00  2.10448923e-01 
 1.64974000e+00  2.10776871e-01 
 1.64974100e+00  2.11118399e-01 
 1.64974200e+00  2.11473229e-01 
 1.64974300e+00  2.11759637e-01 
 1.64974400e+00  2.12151266e-01 
 1.64974500e+00  2.12504331e-01 
 1.64974600e+00  2.12999082e-01 
 1.64974700e+00  2.13389144e-01 
 1.64974800e+00  2.13615532e-01 
 1.64974900e+00  2.14014348e-01 
 1.64975000e+00  2.14377349e-01 
 1.64975100e+00  2.14758269e-01 
 1.64975200e+00  2.15212566e-01 
 1.64975300e+00  2.15665807e-01 
 1.64975400e+00  2.16031403e-01 
 1.64975500e+00  2.16477940e-01 
 1.64975600e+00  2.16922636e-01 
 1.64975700e+00  2.17357311e-01 
 1.64975800e+00  2.17950788e-01 
 1.64975900e+00  2.18432446e-01 
 1.64976000e+00  2.18721042e-01 
 1.64976100e+00  2.19182582e-01 
 1.64976200e+00  2.19705887e-01 
 1.64976300e+00  2.20161708e-01 
 1.64976400e+00  2.20678863e-01 
 1.64976500e+00  2.21188983e-01 
 1.64976600e+00  2.21666648e-01 
 1.64976700e+00  2.22203816e-01 
 1.64976800e+00  2.22790480e-01 
 1.64976900e+00  2.23375611e-01 
 1.64977000e+00  2.24119828e-01 
 1.64977100e+00  2.24739342e-01 
 1.64977200e+00  2.25217740e-01 
 1.64977300e+00  2.25794955e-01 
 1.64977400e+00  2.26512761e-01 
 1.64977500e+00  2.27262939e-01 
 1.64977600e+00  2.28021305e-01 
 1.64977700e+00  2.28825743e-01 
 1.64977800e+00  2.29665691e-01 
 1.64977900e+00  2.30461269e-01 
 1.64978000e+00  2.31350995e-01 
 1.64978100e+00  2.32242398e-01 
 1.64978200e+00  2.33632339e-01 
 1.64978300e+00  2.34715954e-01 
 1.64978400e+00  2.35573939e-01 
 1.64978500e+00  2.36743741e-01 
 1.64978600e+00  2.38216680e-01 
 1.64978700e+00  2.39684869e-01 
 1.64978800e+00  2.41280203e-01 
 1.64978900e+00  2.43078381e-01 
 1.64979000e+00  2.44875391e-01 
 1.64979100e+00  2.47255824e-01 
 1.64979200e+00  2.49865018e-01 
 1.64979300e+00  2.52830471e-01 
 1.64979400e+00  2.56666910e-01 
 1.64979500e+00  2.61796432e-01 
 1.64979600e+00  2.68148501e-01 
 1.64979700e+00  2.76416268e-01 
 1.64979800e+00  2.86129880e-01 
 1.64979900e+00  2.99750833e-01 
 1.64980000e+00  3.20480990e-01 
 1.64980100e+00  3.43872810e-01 
 1.64980200e+00  3.60564300e-01 
 1.64980300e+00  3.88761697e-01 
 1.64980400e+00  4.24194797e-01 
 1.64980500e+00  4.59373151e-01 
 1.64980600e+00  5.07741986e-01 
 1.64980700e+00  5.59350774e-01 
 1.64980800e+00  6.17740662e-01 
 1.64980900e+00  6.78625794e-01 
 1.64981000e+00  7.20181325e-01 
 1.64981100e+00  7.83991134e-01 
 1.64981200e+00  8.56674474e-01 
 1.64981300e+00  9.07378274e-01 
 1.64981400e+00  9.84432177e-01 
 1.64981500e+00  1.05913601e+00 
 1.64981600e+00  1.11787001e+00 
 1.64981700e+00  1.18718577e+00 
 1.64981800e+00  1.24306726e+00 
 1.64981900e+00  1.35227327e+00 
 1.64982000e+00  1.43138465e+00 
 1.64982100e+00  1.49463035e+00 
 1.64982200e+00  1.56517330e+00 
 1.64982300e+00  1.62003251e+00 
 1.64982400e+00  1.69477490e+00 
 1.64982500e+00  1.74505070e+00 
 1.64982600e+00  1.79854102e+00 
 1.64982700e+00  1.84397811e+00 
 1.64982800e+00  1.88115097e+00 
 1.64982900e+00  1.90443528e+00 
 1.64983000e+00  1.94586081e+00 
 1.64983100e+00  1.97023082e+00 
 1.64983200e+00  1.99373525e+00 
 1.64983300e+00  2.00657916e+00 
 1.64983400e+00  2.02592447e+00 
 1.64983500e+00  2.04292141e+00 
 1.64983600e+00  2.05785189e+00 
 1.64983700e+00  2.07274988e+00 
 1.64983800e+00  2.08568487e+00 
 1.64983900e+00  2.09561474e+00 
 1.64984000e+00  2.10821497e+00 
 1.64984100e+00  2.11978562e+00 
 1.64984200e+00  2.13347460e+00 
 1.64984300e+00  2.14378083e+00 
 1.64984400e+00  2.15390855e+00 
 1.64984500e+00  2.15999735e+00 
 1.64984600e+00  2.16894820e+00 
 1.64984700e+00  2.17754081e+00 
 1.64984800e+00  2.18703895e+00 
 1.64984900e+00  2.19388994e+00 
 1.64985000e+00  2.20153316e+00 
 1.64985100e+00  2.20887886e+00 
 1.64985200e+00  2.21396832e+00 
 1.64985300e+00  2.22006338e+00 
 1.64985400e+00  2.22948748e+00 
 1.64985500e+00  2.23578712e+00 
 1.64985600e+00  2.24220660e+00 
 1.64985700e+00  2.24851107e+00 
 1.64985800e+00  2.25448941e+00 
 1.64985900e+00  2.25984438e+00 
 1.64986000e+00  2.26333835e+00 
 1.64986100e+00  2.26883963e+00 
 1.64986200e+00  2.27445443e+00 
 1.64986300e+00  2.27964083e+00 
 1.64986400e+00  2.28428001e+00 
 1.64986500e+00  2.29105206e+00 
 1.64986600e+00  2.29599586e+00 
 1.64986700e+00  2.30054275e+00 
 1.64986800e+00  2.30401106e+00 
 1.64986900e+00  2.30933297e+00 
 1.64987000e+00  2.31262144e+00 
 1.64987100e+00  2.31753437e+00 
 1.64987200e+00  2.32184684e+00 
 1.64987300e+00  2.32593788e+00 
 1.64987400e+00  2.33072148e+00 
 1.64987500e+00  2.33430108e+00 
 1.64987600e+00  2.33856438e+00 
 1.64987700e+00  2.34242644e+00 
 1.64987800e+00  2.34644515e+00 
 1.64987900e+00  2.35003828e+00 
 1.64988000e+00  2.35360340e+00 
 1.64988100e+00  2.35713600e+00 
 1.64988200e+00  2.36047221e+00 
 1.64988300e+00  2.36435572e+00 
 1.64988400e+00  2.36799756e+00 
 1.64988500e+00  2.37131755e+00 
 1.64988600e+00  2.37382733e+00 
 1.64988700e+00  2.37701408e+00 
 1.64988800e+00  2.38157067e+00 
 1.64988900e+00  2.38450142e+00 
 1.64989000e+00  2.38764853e+00 
 1.64989100e+00  2.39084827e+00 
 1.64989200e+00  2.39401666e+00 
 1.64989300e+00  2.39720402e+00 
 1.64989400e+00  2.39976007e+00 
 1.64989500e+00  2.40290177e+00 
 1.64989600e+00  2.40568272e+00 
 1.64989700e+00  2.40859193e+00 
 1.64989800e+00  2.41177320e+00 
 1.64989900e+00  2.41502437e+00 
 1.64990000e+00  2.41781618e+00 
 1.64990100e+00  2.42081926e+00 
 1.64990200e+00  2.42352733e+00 
 1.64990300e+00  2.42554145e+00 
 1.64990400e+00  2.42811782e+00 
 1.64990500e+00  2.43076531e+00 
 1.64990600e+00  2.43338175e+00 
 1.64990700e+00  2.43607187e+00 
 1.64990800e+00  2.43848181e+00 
 1.64990900e+00  2.44143140e+00 
 1.64991000e+00  2.44378378e+00 
 1.64991100e+00  2.44706667e+00 
 1.64991200e+00  2.44881457e+00 
 1.64991300e+00  2.45116333e+00 
 1.64991400e+00  2.45372492e+00 
 1.64991500e+00  2.45623246e+00 
 1.64991600e+00  2.45870450e+00 
 1.64991700e+00  2.46090718e+00 
 1.64991800e+00  2.46325332e+00 
 1.64991900e+00  2.46564415e+00 
 1.64992000e+00  2.46784653e+00 
 1.64992100e+00  2.47030680e+00 
 1.64992200e+00  2.47243660e+00 
 1.64992300e+00  2.47469640e+00 
 1.64992400e+00  2.47719453e+00 
 1.64992500e+00  2.47939198e+00 
 1.64992600e+00  2.48151590e+00 
 1.64992700e+00  2.48351119e+00 
 1.64992800e+00  2.48582312e+00 
 1.64992900e+00  2.48791290e+00 
 1.64993000e+00  2.48998208e+00 
 1.64993100e+00  2.49147181e+00 
 1.64993200e+00  2.49356870e+00 
 1.64993300e+00  2.49587052e+00 
 1.64993400e+00  2.49840572e+00 
 1.64993500e+00  2.49988869e+00 
 1.64993600e+00  2.50230609e+00 
 1.64993700e+00  2.50427887e+00 
 1.64993800e+00  2.50630927e+00 
 1.64993900e+00  2.50831324e+00 
 1.64994000e+00  2.51006309e+00 
 1.64994100e+00  2.51174949e+00 
 1.64994200e+00  2.51369801e+00 
 1.64994300e+00  2.51570579e+00 
 1.64994400e+00  2.51737383e+00 
 1.64994500e+00  2.52011492e+00 
 1.64994600e+00  2.52199178e+00 
 1.64994700e+00  2.52383665e+00 
 1.64994800e+00  2.52514896e+00 
 1.64994900e+00  2.52685738e+00 
 1.64995000e+00  2.52858121e+00 
 1.64995100e+00  2.53077063e+00 
 1.64995200e+00  2.53230175e+00 
 1.64995300e+00  2.53391377e+00 
 1.64995400e+00  2.53576473e+00 
 1.64995500e+00  2.53727819e+00 
 1.64995600e+00  2.53916701e+00 
 1.64995700e+00  2.54133756e+00 
 1.64995800e+00  2.54266740e+00 
 1.64995900e+00  2.54445121e+00 
 1.64996000e+00  2.54613060e+00 
 1.64996100e+00  2.54795885e+00 
 1.64996200e+00  2.54985991e+00 
 1.64996300e+00  2.55156227e+00 
 1.64996400e+00  2.55297199e+00 
 1.64996500e+00  2.55483144e+00 
 1.64996600e+00  2.55624642e+00 
 1.64996700e+00  2.55758490e+00 
 1.64996800e+00  2.55965329e+00 
 1.64996900e+00  2.56130013e+00 
 1.64997000e+00  2.56296062e+00 
 1.64997100e+00  2.56437581e+00 
 1.64997200e+00  2.56600908e+00 
 1.64997300e+00  2.56733162e+00 
 1.64997400e+00  2.56913646e+00 
 1.64997500e+00  2.57059186e+00 
 1.64997600e+00  2.57172260e+00 
 1.64997700e+00  2.57325900e+00 
 1.64997800e+00  2.57473790e+00 
 1.64997900e+00  2.57636691e+00 
 1.64998000e+00  2.57854655e+00 
 1.64998100e+00  2.57990060e+00 
 1.64998200e+00  2.58140313e+00 
 1.64998300e+00  2.58300705e+00 
 1.64998400e+00  2.58452774e+00 
 1.64998500e+00  2.58560900e+00 
 1.64998600e+00  2.58706586e+00 
 1.64998700e+00  2.58825357e+00 
 1.64998800e+00  2.59018754e+00 
 1.64998900e+00  2.59124625e+00 
 1.64999000e+00  2.59288998e+00 
 1.64999100e+00  2.59473745e+00 
 1.64999200e+00  2.59609175e+00 
 1.64999300e+00  2.59700318e+00 
 1.64999400e+00  2.59853039e+00 
 1.64999500e+00  2.59992332e+00 
 1.64999600e+00  2.60118685e+00 
 1.64999700e+00  2.60266518e+00 
 1.64999800e+00  2.60438458e+00 
 1.64999900e+00  2.60558181e+00 
 1.65000000e+00  2.60694939e+00 
 1.65000100e+00  2.60825201e+00 
 1.65000200e+00  2.60929127e+00 
 1.65000300e+00  2.61090606e+00 
 1.65000400e+00  2.61234431e+00 
 1.65000500e+00  2.61369460e+00 
 1.65000600e+00  2.61488267e+00 
 1.65000700e+00  2.61618377e+00 
 1.65000800e+00  2.61764341e+00 
 1.65000900e+00  2.61903969e+00 
 1.65001000e+00  2.61985960e+00 
 1.65001100e+00  2.62115770e+00 
 1.65001200e+00  2.62253741e+00 
 1.65001300e+00  2.62376787e+00 
 1.65001400e+00  2.62540093e+00 
 1.65001500e+00  2.62679683e+00 
 1.65001600e+00  2.62815052e+00 
 1.65001700e+00  2.62947498e+00 
 1.65001800e+00  2.63027167e+00 
 1.65001900e+00  2.63150006e+00 
 1.65002000e+00  2.63289627e+00 
 1.65002100e+00  2.63402792e+00 
 1.65002200e+00  2.63507100e+00 
 1.65002300e+00  2.63637839e+00 
 1.65002400e+00  2.63758715e+00 
 1.65002500e+00  2.63932681e+00 
 1.65002600e+00  2.64012613e+00 
 1.65002700e+00  2.64141267e+00 
 1.65002800e+00  2.64259866e+00 
 1.65002900e+00  2.64377631e+00 
 1.65003000e+00  2.64497012e+00 
 1.65003100e+00  2.64635705e+00 
 1.65003200e+00  2.64749281e+00 
 1.65003300e+00  2.64832360e+00 
 1.65003400e+00  2.64960302e+00 
 1.65003500e+00  2.65088528e+00 
 1.65003600e+00  2.65242306e+00 
 1.65003700e+00  2.65344485e+00 
 1.65003800e+00  2.65452752e+00 
 1.65003900e+00  2.65581621e+00 
 1.65004000e+00  2.65691352e+00 
 1.65004100e+00  2.65775676e+00 
 1.65004200e+00  2.65880534e+00 
 1.65004300e+00  2.66002897e+00 
 1.65004400e+00  2.66121301e+00 
 1.65004500e+00  2.66240734e+00 
 1.65004600e+00  2.66342401e+00 
 1.65004700e+00  2.66460177e+00 
 1.65004800e+00  2.66578247e+00 
 1.65004900e+00  2.66682206e+00 
 1.65005000e+00  2.66800206e+00 
 1.65005100e+00  2.66899768e+00 
 1.65005200e+00  2.67006990e+00 
 1.65005300e+00  2.67115205e+00 
 1.65005400e+00  2.67248139e+00 
 1.65005500e+00  2.67339122e+00 
 1.65005600e+00  2.67433033e+00 
 1.65005700e+00  2.67555471e+00 
 1.65005800e+00  2.67663498e+00 
 1.65005900e+00  2.67800670e+00 
 1.65006000e+00  2.67868922e+00 
 1.65006100e+00  2.67981136e+00 
 1.65006200e+00  2.68091467e+00 
 1.65006300e+00  2.68192799e+00 
 1.65006400e+00  2.68300165e+00 
 1.65006500e+00  2.68405892e+00 
 1.65006600e+00  2.68511720e+00 
 1.65006700e+00  2.68588352e+00 
 1.65006800e+00  2.68692651e+00 
 1.65006900e+00  2.68812283e+00 
 1.65007000e+00  2.68906713e+00 
 1.65007100e+00  2.69046796e+00 
 1.65007200e+00  2.69104742e+00 
 1.65007300e+00  2.69219700e+00 
 1.65007400e+00  2.69318343e+00 
 1.65007500e+00  2.69429558e+00 
 1.65007600e+00  2.69500691e+00 
 1.65007700e+00  2.69609046e+00 
 1.65007800e+00  2.69712080e+00 
 1.65007900e+00  2.69816275e+00 
 1.65008000e+00  2.69922064e+00 
 1.65008100e+00  2.70021051e+00 
 1.65008200e+00  2.70122125e+00 
 1.65008300e+00  2.70222994e+00 
 1.65008400e+00  2.70322863e+00 
 1.65008500e+00  2.70422231e+00 
 1.65008600e+00  2.70486278e+00 
 1.65008700e+00  2.70588976e+00 
 1.65008800e+00  2.70698063e+00 
 1.65008900e+00  2.70797426e+00 
 1.65009000e+00  2.70866492e+00 
 1.65009100e+00  2.70962774e+00 
 1.65009200e+00  2.71062309e+00 
 1.65009300e+00  2.71163669e+00 
 1.65009400e+00  2.71262630e+00 
 1.65009500e+00  2.71366899e+00 
 1.65009600e+00  2.71469048e+00 
 1.65009700e+00  2.71531006e+00 
 1.65009800e+00  2.71628901e+00 
 1.65009900e+00  2.71727461e+00 
 1.65010000e+00  2.71797413e+00 
 1.65010100e+00  2.71894119e+00 
 1.65010200e+00  2.72000929e+00 
 1.65010300e+00  2.72102229e+00 
 1.65010400e+00  2.72167328e+00 
 1.65010500e+00  2.72293811e+00 
 1.65010600e+00  2.72366534e+00 
 1.65010700e+00  2.72456539e+00 
 1.65010800e+00  2.72533736e+00 
 1.65010900e+00  2.72610262e+00 
 1.65011000e+00  2.72714738e+00 
 1.65011100e+00  2.72786000e+00 
 1.65011200e+00  2.72885002e+00 
 1.65011300e+00  2.72957355e+00 
 1.65011400e+00  2.73052115e+00 
 1.65011500e+00  2.73144584e+00 
 1.65011600e+00  2.73206373e+00 
 1.65011700e+00  2.73338751e+00 
 1.65011800e+00  2.73411899e+00 
 1.65011900e+00  2.73496861e+00 
 1.65012000e+00  2.73565848e+00 
 1.65012100e+00  2.73664926e+00 
 1.65012200e+00  2.73743750e+00 
 1.65012300e+00  2.73812890e+00 
 1.65012400e+00  2.73915933e+00 
 1.65012500e+00  2.73985551e+00 
 1.65012600e+00  2.74079769e+00 
 1.65012700e+00  2.74153550e+00 
 1.65012800e+00  2.74256766e+00 
 1.65012900e+00  2.74340817e+00 
 1.65013000e+00  2.74414485e+00 
 1.65013100e+00  2.74490813e+00 
 1.65013200e+00  2.74554368e+00 
 1.65013300e+00  2.74636717e+00 
 1.65013400e+00  2.74718800e+00 
 1.65013500e+00  2.74785746e+00 
 1.65013600e+00  2.74861695e+00 
 1.65013700e+00  2.74941397e+00 
 1.65013800e+00  2.75013719e+00 
 1.65013900e+00  2.75093035e+00 
 1.65014000e+00  2.75188020e+00 
 1.65014100e+00  2.75254093e+00 
 1.65014200e+00  2.75354965e+00 
 1.65014300e+00  2.75411972e+00 
 1.65014400e+00  2.75495837e+00 
 1.65014500e+00  2.75577984e+00 
 1.65014600e+00  2.75652709e+00 
 1.65014700e+00  2.75718841e+00 
 1.65014800e+00  2.75786034e+00 
 1.65014900e+00  2.75846493e+00 
 1.65015000e+00  2.75922608e+00 
 1.65015100e+00  2.76022865e+00 
 1.65015200e+00  2.76074185e+00 
 1.65015300e+00  2.76154257e+00 
 1.65015400e+00  2.76231491e+00 
 1.65015500e+00  2.76289019e+00 
 1.65015600e+00  2.76355313e+00 
 1.65015700e+00  2.76431177e+00 
 1.65015800e+00  2.76480664e+00 
 1.65015900e+00  2.76565443e+00 
 1.65016000e+00  2.76634686e+00 
 1.65016100e+00  2.76686945e+00 
 1.65016200e+00  2.76762699e+00 
 1.65016300e+00  2.76838921e+00 
 1.65016400e+00  2.76901684e+00 
 1.65016500e+00  2.76964728e+00 
 1.65016600e+00  2.77027316e+00 
 1.65016700e+00  2.77083858e+00 
 1.65016800e+00  2.77146661e+00 
 1.65016900e+00  2.77220292e+00 
 1.65017000e+00  2.77289479e+00 
 1.65017100e+00  2.77371643e+00 
 1.65017200e+00  2.77426335e+00 
 1.65017300e+00  2.77483468e+00 
 1.65017400e+00  2.77552569e+00 
 1.65017500e+00  2.77628912e+00 
 1.65017600e+00  2.77679062e+00 
 1.65017700e+00  2.77743641e+00 
 1.65017800e+00  2.77810490e+00 
 1.65017900e+00  2.77865466e+00 
 1.65018000e+00  2.77920721e+00 
 1.65018100e+00  2.77976715e+00 
 1.65018200e+00  2.78043865e+00 
 1.65018300e+00  2.78104505e+00 
 1.65018400e+00  2.78156083e+00 
 1.65018500e+00  2.78226709e+00 
 1.65018600e+00  2.78291875e+00 
 1.65018700e+00  2.78345501e+00 
 1.65018800e+00  2.78398104e+00 
 1.65018900e+00  2.78451751e+00 
 1.65019000e+00  2.78504054e+00 
 1.65019100e+00  2.78583308e+00 
 1.65019200e+00  2.78622825e+00 
 1.65019300e+00  2.78682516e+00 
 1.65019400e+00  2.78742965e+00 
 1.65019500e+00  2.78793885e+00 
 1.65019600e+00  2.78851050e+00 
 1.65019700e+00  2.78919349e+00 
 1.65019800e+00  2.78981864e+00 
 1.65019900e+00  2.79037160e+00 
 1.65020000e+00  2.79091366e+00 
 1.65020100e+00  2.79128128e+00 
 1.65020200e+00  2.79175551e+00 
 1.65020300e+00  2.79235615e+00 
 1.65020400e+00  2.79288101e+00 
 1.65020500e+00  2.79335598e+00 
 1.65020600e+00  2.79396289e+00 
 1.65020700e+00  2.79450876e+00 
 1.65020800e+00  2.79509966e+00 
 1.65020900e+00  2.79563939e+00 
 1.65021000e+00  2.79621917e+00 
 1.65021100e+00  2.79659867e+00 
 1.65021200e+00  2.79716437e+00 
 1.65021300e+00  2.79769412e+00 
 1.65021400e+00  2.79832483e+00 
 1.65021500e+00  2.79879333e+00 
 1.65021600e+00  2.79933077e+00 
 1.65021700e+00  2.79978705e+00 
 1.65021800e+00  2.80020432e+00 
 1.65021900e+00  2.80096798e+00 
 1.65022000e+00  2.80149552e+00 
 1.65022100e+00  2.80185032e+00 
 1.65022200e+00  2.80244212e+00 
 1.65022300e+00  2.80291968e+00 
 1.65022400e+00  2.80330840e+00 
 1.65022500e+00  2.80382921e+00 
 1.65022600e+00  2.80434194e+00 
 1.65022700e+00  2.80492121e+00 
 1.65022800e+00  2.80526407e+00 
 1.65022900e+00  2.80580195e+00 
 1.65023000e+00  2.80611876e+00 
 1.65023100e+00  2.80690002e+00 
 1.65023200e+00  2.80742435e+00 
 1.65023300e+00  2.80782630e+00 
 1.65023400e+00  2.80835493e+00 
 1.65023500e+00  2.80871806e+00 
 1.65023600e+00  2.80923444e+00 
 1.65023700e+00  2.80966723e+00 
 1.65023800e+00  2.81023579e+00 
 1.65023900e+00  2.81064727e+00 
 1.65024000e+00  2.81114044e+00 
 1.65024100e+00  2.81160459e+00 
 1.65024200e+00  2.81214183e+00 
 1.65024300e+00  2.81266514e+00 
 1.65024400e+00  2.81309871e+00 
 1.65024500e+00  2.81359888e+00 
 1.65024600e+00  2.81406587e+00 
 1.65024700e+00  2.81449575e+00 
 1.65024800e+00  2.81481531e+00 
 1.65024900e+00  2.81527135e+00 
 1.65025000e+00  2.81579456e+00 
 1.65025100e+00  2.81626526e+00 
 1.65025200e+00  2.81670294e+00 
 1.65025300e+00  2.81715075e+00 
 1.65025400e+00  2.81774484e+00 
 1.65025500e+00  2.81827441e+00 
 1.65025600e+00  2.81861830e+00 
 1.65025700e+00  2.81903720e+00 
 1.65025800e+00  2.81946599e+00 
 1.65025900e+00  2.81985847e+00 
 1.65026000e+00  2.82036887e+00 
 1.65026100e+00  2.82077480e+00 
 1.65026200e+00  2.82130201e+00 
 1.65026300e+00  2.82173103e+00 
 1.65026400e+00  2.82212894e+00 
 1.65026500e+00  2.82267239e+00 
 1.65026600e+00  2.82309912e+00 
 1.65026700e+00  2.82362447e+00 
 1.65026800e+00  2.82403494e+00 
 1.65026900e+00  2.82444426e+00 
 1.65027000e+00  2.82485308e+00 
 1.65027100e+00  2.82522964e+00 
 1.65027200e+00  2.82566790e+00 
 1.65027300e+00  2.82609059e+00 
 1.65027400e+00  2.82650220e+00 
 1.65027500e+00  2.82690730e+00 
 1.65027600e+00  2.82736907e+00 
 1.65027700e+00  2.82791319e+00 
 1.65027800e+00  2.82830881e+00 
 1.65027900e+00  2.82874640e+00 
 1.65028000e+00  2.82917777e+00 
 1.65028100e+00  2.82961299e+00 
 1.65028200e+00  2.82992619e+00 
 1.65028300e+00  2.83043986e+00 
 1.65028400e+00  2.83087164e+00 
 1.65028500e+00  2.83121815e+00 
 1.65028600e+00  2.83164399e+00 
 1.65028700e+00  2.83212041e+00 
 1.65028800e+00  2.83262040e+00 
 1.65028900e+00  2.83296261e+00 
 1.65029000e+00  2.83337088e+00 
 1.65029100e+00  2.83387585e+00 
 1.65029200e+00  2.83423137e+00 
 1.65029300e+00  2.83469400e+00 
 1.65029400e+00  2.83504596e+00 
 1.65029500e+00  2.83538757e+00 
 1.65029600e+00  2.83581118e+00 
 1.65029700e+00  2.83621551e+00 
 1.65029800e+00  2.83673027e+00 
 1.65029900e+00  2.83709732e+00 
 1.65030000e+00  2.83757176e+00 
 1.65030100e+00  2.83807828e+00 
 1.65030200e+00  2.83837315e+00 
 1.65030300e+00  2.83875909e+00 
 1.65030400e+00  2.83918759e+00 
 1.65030500e+00  2.83967235e+00 
 1.65030600e+00  2.83990902e+00 
 1.65030700e+00  2.84034005e+00 
 1.65030800e+00  2.84076909e+00 
 1.65030900e+00  2.84110950e+00 
 1.65031000e+00  2.84159177e+00 
 1.65031100e+00  2.84214589e+00 
 1.65031200e+00  2.84256375e+00 
 1.65031300e+00  2.84287650e+00 
 1.65031400e+00  2.84323737e+00 
 1.65031500e+00  2.84373769e+00 
 1.65031600e+00  2.84402915e+00 
 1.65031700e+00  2.84446931e+00 
 1.65031800e+00  2.84480769e+00 
 1.65031900e+00  2.84512586e+00 
 1.65032000e+00  2.84554597e+00 
 1.65032100e+00  2.84596616e+00 
 1.65032200e+00  2.84652337e+00 
 1.65032300e+00  2.84673173e+00 
 1.65032400e+00  2.84718848e+00 
 1.65032500e+00  2.84764035e+00 
 1.65032600e+00  2.84795399e+00 
 1.65032700e+00  2.84834354e+00 
 1.65032800e+00  2.84882382e+00 
 1.65032900e+00  2.84918061e+00 
 1.65033000e+00  2.84956490e+00 
 1.65033100e+00  2.84988407e+00 
 1.65033200e+00  2.85031739e+00 
 1.65033300e+00  2.85069281e+00 
 1.65033400e+00  2.85120093e+00 
 1.65033500e+00  2.85163911e+00 
 1.65033600e+00  2.85198659e+00 
 1.65033700e+00  2.85238614e+00 
 1.65033800e+00  2.85269215e+00 
 1.65033900e+00  2.85303553e+00 
 1.65034000e+00  2.85345749e+00 
 1.65034100e+00  2.85381483e+00 
 1.65034200e+00  2.85420977e+00 
 1.65034300e+00  2.85454593e+00 
 1.65034400e+00  2.85495043e+00 
 1.65034500e+00  2.85545654e+00 
 1.65034600e+00  2.85576167e+00 
 1.65034700e+00  2.85610680e+00 
 1.65034800e+00  2.85654701e+00 
 1.65034900e+00  2.85691693e+00 
 1.65035000e+00  2.85724029e+00 
 1.65035100e+00  2.85764165e+00 
 1.65035200e+00  2.85802043e+00 
 1.65035300e+00  2.85842916e+00 
 1.65035400e+00  2.85871201e+00 
 1.65035500e+00  2.85911501e+00 
 1.65035600e+00  2.85948030e+00 
 1.65035700e+00  2.85993533e+00 
 1.65035800e+00  2.86037708e+00 
 1.65035900e+00  2.86063928e+00 
 1.65036000e+00  2.86110199e+00 
 1.65036100e+00  2.86139745e+00 
 1.65036200e+00  2.86183041e+00 
 1.65036300e+00  2.86210227e+00 
 1.65036400e+00  2.86247467e+00 
 1.65036500e+00  2.86285733e+00 
 1.65036600e+00  2.86324478e+00 
 1.65036700e+00  2.86353587e+00 
 1.65036800e+00  2.86410595e+00 
 1.65036900e+00  2.86441511e+00 
 1.65037000e+00  2.86478862e+00 
 1.65037100e+00  2.86512723e+00 
 1.65037200e+00  2.86551953e+00 
 1.65037300e+00  2.86586831e+00 
 1.65037400e+00  2.86622164e+00 
 1.65037500e+00  2.86652218e+00 
 1.65037600e+00  2.86693389e+00 
 1.65037700e+00  2.86733162e+00 
 1.65037800e+00  2.86768530e+00 
 1.65037900e+00  2.86801580e+00 
 1.65038000e+00  2.86845233e+00 
 1.65038100e+00  2.86889257e+00 
 1.65038200e+00  2.86919008e+00 
 1.65038300e+00  2.86951240e+00 
 1.65038400e+00  2.86983791e+00 
 1.65038500e+00  2.87024054e+00 
 1.65038600e+00  2.87059636e+00 
 1.65038700e+00  2.87090747e+00 
 1.65038800e+00  2.87125307e+00 
 1.65038900e+00  2.87164679e+00 
 1.65039000e+00  2.87197841e+00 
 1.65039100e+00  2.87245878e+00 
 1.65039200e+00  2.87281343e+00 
 1.65039300e+00  2.87313505e+00 
 1.65039400e+00  2.87347620e+00 
 1.65039500e+00  2.87385788e+00 
 1.65039600e+00  2.87419184e+00 
 1.65039700e+00  2.87460402e+00 
 1.65039800e+00  2.87488924e+00 
 1.65039900e+00  2.87529397e+00 
 1.65040000e+00  2.87557795e+00 
 1.65040100e+00  2.87598589e+00 
 1.65040200e+00  2.87637043e+00 
 1.65040300e+00  2.87675707e+00 
 1.65040400e+00  2.87713479e+00 
 1.65040500e+00  2.87745870e+00 
 1.65040600e+00  2.87777958e+00 
 1.65040700e+00  2.87812593e+00 
 1.65040800e+00  2.87848123e+00 
 1.65040900e+00  2.87881719e+00 
 1.65041000e+00  2.87909934e+00 
 1.65041100e+00  2.87942325e+00 
 1.65041200e+00  2.87986366e+00 
 1.65041300e+00  2.88016444e+00 
 1.65041400e+00  2.88061614e+00 
 1.65041500e+00  2.88093812e+00 
 1.65041600e+00  2.88131586e+00 
 1.65041700e+00  2.88167878e+00 
 1.65041800e+00  2.88197729e+00 
 1.65041900e+00  2.88230516e+00 
 1.65042000e+00  2.88273453e+00 
 1.65042100e+00  2.88306014e+00 
 1.65042200e+00  2.88333213e+00 
 1.65042300e+00  2.88376967e+00 
 1.65042400e+00  2.88397301e+00 
 1.65042500e+00  2.88445389e+00 
 1.65042600e+00  2.88484351e+00 
 1.65042700e+00  2.88511752e+00 
 1.65042800e+00  2.88543366e+00 
 1.65042900e+00  2.88580211e+00 
 1.65043000e+00  2.88615368e+00 
 1.65043100e+00  2.88653853e+00 
 1.65043200e+00  2.88677498e+00 
 1.65043300e+00  2.88708359e+00 
 1.65043400e+00  2.88758144e+00 
 1.65043500e+00  2.88781750e+00 
 1.65043600e+00  2.88817183e+00 
 1.65043700e+00  2.88866438e+00 
 1.65043800e+00  2.88893076e+00 
 1.65043900e+00  2.88929533e+00 
 1.65044000e+00  2.88959180e+00 
 1.65044100e+00  2.88995023e+00 
 1.65044200e+00  2.89026934e+00 
 1.65044300e+00  2.89064416e+00 
 1.65044400e+00  2.89097781e+00 
 1.65044500e+00  2.89123283e+00 
 1.65044600e+00  2.89156518e+00 
 1.65044700e+00  2.89199551e+00 
 1.65044800e+00  2.89243040e+00 
 1.65044900e+00  2.89273314e+00 
 1.65045000e+00  2.89302766e+00 
 1.65045100e+00  2.89337011e+00 
 1.65045200e+00  2.89370594e+00 
 1.65045300e+00  2.89404513e+00 
 1.65045400e+00  2.89436280e+00 
 1.65045500e+00  2.89465592e+00 
 1.65045600e+00  2.89493779e+00 
 1.65045700e+00  2.89530858e+00 
 1.65045800e+00  2.89567266e+00 
 1.65045900e+00  2.89588619e+00 
 1.65046000e+00  2.89642291e+00 
 1.65046100e+00  2.89668880e+00 
 1.65046200e+00  2.89702483e+00 
 1.65046300e+00  2.89737159e+00 
 1.65046400e+00  2.89770090e+00 
 1.65046500e+00  2.89808162e+00 
 1.65046600e+00  2.89840133e+00 
 1.65046700e+00  2.89870542e+00 
 1.65046800e+00  2.89902923e+00 
 1.65046900e+00  2.89932134e+00 
 1.65047000e+00  2.89960206e+00 
 1.65047100e+00  2.90009014e+00 
 1.65047200e+00  2.90040354e+00 
 1.65047300e+00  2.90070919e+00 
 1.65047400e+00  2.90096689e+00 
 1.65047500e+00  2.90140383e+00 
 1.65047600e+00  2.90168934e+00 
 1.65047700e+00  2.90204235e+00 
 1.65047800e+00  2.90232898e+00 
 1.65047900e+00  2.90260784e+00 
 1.65048000e+00  2.90288637e+00 
 1.65048100e+00  2.90329866e+00 
 1.65048200e+00  2.90363944e+00 
 1.65048300e+00  2.90397104e+00 
 1.65048400e+00  2.90432384e+00 
 1.65048500e+00  2.90464149e+00 
 1.65048600e+00  2.90492739e+00 
 1.65048700e+00  2.90528673e+00 
 1.65048800e+00  2.90562870e+00 
 1.65048900e+00  2.90590989e+00 
 1.65049000e+00  2.90628069e+00 
 1.65049100e+00  2.90649795e+00 
 1.65049200e+00  2.90683121e+00 
 1.65049300e+00  2.90723204e+00 
 1.65049400e+00  2.90754238e+00 
 1.65049500e+00  2.90786402e+00 
 1.65049600e+00  2.90822432e+00 
 1.65049700e+00  2.90859628e+00 
 1.65049800e+00  2.90889597e+00 
 1.65049900e+00  2.90921801e+00 
 1.65050000e+00  2.90945820e+00 
 1.65050100e+00  2.90979344e+00 
 1.65050200e+00  2.91005403e+00 
 1.65050300e+00  2.91045517e+00 
 1.65050400e+00  2.91069838e+00 
 1.65050500e+00  2.91107371e+00 
 1.65050600e+00  2.91141035e+00 
 1.65050700e+00  2.91174357e+00 
 1.65050800e+00  2.91205612e+00 
 1.65050900e+00  2.91237440e+00 
 1.65051000e+00  2.91272913e+00 
 1.65051100e+00  2.91302367e+00 
 1.65051200e+00  2.91332818e+00 
 1.65051300e+00  2.91365259e+00 
 1.65051400e+00  2.91392243e+00 
 1.65051500e+00  2.91425869e+00 
 1.65051600e+00  2.91456162e+00 
 1.65051700e+00  2.91501107e+00 
 1.65051800e+00  2.91533579e+00 
 1.65051900e+00  2.91559410e+00 
 1.65052000e+00  2.91592409e+00 
 1.65052100e+00  2.91622256e+00 
 1.65052200e+00  2.91646227e+00 
 1.65052300e+00  2.91685069e+00 
 1.65052400e+00  2.91718919e+00 
 1.65052500e+00  2.91745027e+00 
 1.65052600e+00  2.91769870e+00 
 1.65052700e+00  2.91802783e+00 
 1.65052800e+00  2.91846878e+00 
 1.65052900e+00  2.91879234e+00 
 1.65053000e+00  2.91906211e+00 
 1.65053100e+00  2.91931764e+00 
 1.65053200e+00  2.91967540e+00 
 1.65053300e+00  2.91996610e+00 
 1.65053400e+00  2.92032435e+00 
 1.65053500e+00  2.92054144e+00 
 1.65053600e+00  2.92091332e+00 
 1.65053700e+00  2.92122445e+00 
 1.65053800e+00  2.92155531e+00 
 1.65053900e+00  2.92194297e+00 
 1.65054000e+00  2.92216532e+00 
 1.65054100e+00  2.92255523e+00 
 1.65054200e+00  2.92284205e+00 
 1.65054300e+00  2.92309018e+00 
 1.65054400e+00  2.92337569e+00 
 1.65054500e+00  2.92372729e+00 
 1.65054600e+00  2.92406024e+00 
 1.65054700e+00  2.92427829e+00 
 1.65054800e+00  2.92455041e+00 
 1.65054900e+00  2.92491376e+00 
 1.65055000e+00  2.92513252e+00 
 1.65055100e+00  2.92556083e+00 
 1.65055200e+00  2.92592334e+00 
 1.65055300e+00  2.92623334e+00 
 1.65055400e+00  2.92644768e+00 
 1.65055500e+00  2.92678438e+00 
 1.65055600e+00  2.92715020e+00 
 1.65055700e+00  2.92742994e+00 
 1.65055800e+00  2.92771451e+00 
 1.65055900e+00  2.92800476e+00 
 1.65056000e+00  2.92831171e+00 
 1.65056100e+00  2.92862544e+00 
 1.65056200e+00  2.92904013e+00 
 1.65056300e+00  2.92930113e+00 
 1.65056400e+00  2.92959921e+00 
 1.65056500e+00  2.92993015e+00 
 1.65056600e+00  2.93018696e+00 
 1.65056700e+00  2.93041334e+00 
 1.65056800e+00  2.93075308e+00 
 1.65056900e+00  2.93100305e+00 
 1.65057000e+00  2.93130519e+00 
 1.65057100e+00  2.93166803e+00 
 1.65057200e+00  2.93191936e+00 
 1.65057300e+00  2.93223607e+00 
 1.65057400e+00  2.93259319e+00 
 1.65057500e+00  2.93290023e+00 
 1.65057600e+00  2.93320094e+00 
 1.65057700e+00  2.93347517e+00 
 1.65057800e+00  2.93382378e+00 
 1.65057900e+00  2.93406275e+00 
 1.65058000e+00  2.93440729e+00 
 1.65058100e+00  2.93471874e+00 
 1.65058200e+00  2.93498374e+00 
 1.65058300e+00  2.93532825e+00 
 1.65058400e+00  2.93555713e+00 
 1.65058500e+00  2.93599509e+00 
 1.65058600e+00  2.93626794e+00 
 1.65058700e+00  2.93649768e+00 
 1.65058800e+00  2.93687498e+00 
 1.65058900e+00  2.93713349e+00 
 1.65059000e+00  2.93735617e+00 
 1.65059100e+00  2.93773091e+00 
 1.65059200e+00  2.93800002e+00 
 1.65059300e+00  2.93829132e+00 
 1.65059400e+00  2.93858889e+00 
 1.65059500e+00  2.93884899e+00 
 1.65059600e+00  2.93914388e+00 
 1.65059700e+00  2.93953992e+00 
 1.65059800e+00  2.93982102e+00 
 1.65059900e+00  2.94010658e+00 
 1.65060000e+00  2.94034998e+00 
 1.65060100e+00  2.94067358e+00 
 1.65060200e+00  2.94095001e+00 
 1.65060300e+00  2.94133622e+00 
 1.65060400e+00  2.94159938e+00 
 1.65060500e+00  2.94183803e+00 
 1.65060600e+00  2.94212446e+00 
 1.65060700e+00  2.94237390e+00 
 1.65060800e+00  2.94278070e+00 
 1.65060900e+00  2.94303178e+00 
 1.65061000e+00  2.94334042e+00 
 1.65061100e+00  2.94364030e+00 
 1.65061200e+00  2.94393965e+00 
 1.65061300e+00  2.94425285e+00 
 1.65061400e+00  2.94453036e+00 
 1.65061500e+00  2.94477620e+00 
 1.65061600e+00  2.94507522e+00 
 1.65061700e+00  2.94536221e+00 
 1.65061800e+00  2.94559744e+00 
 1.65061900e+00  2.94599127e+00 
 1.65062000e+00  2.94625469e+00 
 1.65062100e+00  2.94655821e+00 
 1.65062200e+00  2.94688954e+00 
 1.65062300e+00  2.94709847e+00 
 1.65062400e+00  2.94740166e+00 
 1.65062500e+00  2.94772134e+00 
 1.65062600e+00  2.94798699e+00 
 1.65062700e+00  2.94825177e+00 
 1.65062800e+00  2.94851965e+00 
 1.65062900e+00  2.94889667e+00 
 1.65063000e+00  2.94914336e+00 
 1.65063100e+00  2.94947812e+00 
 1.65063200e+00  2.94981002e+00 
 1.65063300e+00  2.95006863e+00 
 1.65063400e+00  2.95037926e+00 
 1.65063500e+00  2.95057821e+00 
 1.65063600e+00  2.95085112e+00 
 1.65063700e+00  2.95117132e+00 
 1.65063800e+00  2.95149537e+00 
 1.65063900e+00  2.95170862e+00 
 1.65064000e+00  2.95204092e+00 
 1.65064100e+00  2.95224010e+00 
 1.65064200e+00  2.95268790e+00 
 1.65064300e+00  2.95290427e+00 
 1.65064400e+00  2.95318174e+00 
 1.65064500e+00  2.95353004e+00 
 1.65064600e+00  2.95374660e+00 
 1.65064700e+00  2.95403186e+00 
 1.65064800e+00  2.95431815e+00 
 1.65064900e+00  2.95463218e+00 
 1.65065000e+00  2.95483289e+00 
 1.65065100e+00  2.95521652e+00 
 1.65065200e+00  2.95548737e+00 
 1.65065300e+00  2.95578257e+00 
 1.65065400e+00  2.95610165e+00 
 1.65065500e+00  2.95633513e+00 
 1.65065600e+00  2.95659141e+00 
 1.65065700e+00  2.95690489e+00 
 1.65065800e+00  2.95716924e+00 
 1.65065900e+00  2.95746929e+00 
 1.65066000e+00  2.95771097e+00 
 1.65066100e+00  2.95800448e+00 
 1.65066200e+00  2.95828912e+00 
 1.65066300e+00  2.95848631e+00 
 1.65066400e+00  2.95883866e+00 
 1.65066500e+00  2.95921751e+00 
 1.65066600e+00  2.95943241e+00 
 1.65066700e+00  2.95976494e+00 
 1.65066800e+00  2.95998356e+00 
 1.65066900e+00  2.96023921e+00 
 1.65067000e+00  2.96056911e+00 
 1.65067100e+00  2.96084319e+00 
 1.65067200e+00  2.96106921e+00 
 1.65067300e+00  2.96139411e+00 
 1.65067400e+00  2.96161515e+00 
 1.65067500e+00  2.96192585e+00 
 1.65067600e+00  2.96214013e+00 
 1.65067700e+00  2.96251633e+00 
 1.65067800e+00  2.96282725e+00 
 1.65067900e+00  2.96307381e+00 
 1.65068000e+00  2.96336611e+00 
 1.65068100e+00  2.96359670e+00 
 1.65068200e+00  2.96386140e+00 
 1.65068300e+00  2.96409603e+00 
 1.65068400e+00  2.96446769e+00 
 1.65068500e+00  2.96468662e+00 
 1.65068600e+00  2.96494870e+00 
 1.65068700e+00  2.96521585e+00 
 1.65068800e+00  2.96562549e+00 
 1.65068900e+00  2.96580876e+00 
 1.65069000e+00  2.96605829e+00 
 1.65069100e+00  2.96638351e+00 
 1.65069200e+00  2.96663223e+00 
 1.65069300e+00  2.96689227e+00 
 1.65069400e+00  2.96717257e+00 
 1.65069500e+00  2.96744187e+00 
 1.65069600e+00  2.96774305e+00 
 1.65069700e+00  2.96801653e+00 
 1.65069800e+00  2.96827638e+00 
 1.65069900e+00  2.96861533e+00 
 1.65070000e+00  2.96884114e+00 
 1.65070100e+00  2.96915172e+00 
 1.65070200e+00  2.96940787e+00 
 1.65070300e+00  2.96967932e+00 
 1.65070400e+00  2.96999907e+00 
 1.65070500e+00  2.97019045e+00 
 1.65070600e+00  2.97047317e+00 
 1.65070700e+00  2.97071905e+00 
 1.65070800e+00  2.97098681e+00 
 1.65070900e+00  2.97123365e+00 
 1.65071000e+00  2.97156473e+00 
 1.65071100e+00  2.97181888e+00 
 1.65071200e+00  2.97215933e+00 
 1.65071300e+00  2.97240876e+00 
 1.65071400e+00  2.97262457e+00 
 1.65071500e+00  2.97295242e+00 
 1.65071600e+00  2.97319488e+00 
 1.65071700e+00  2.97345486e+00 
 1.65071800e+00  2.97371804e+00 
 1.65071900e+00  2.97398677e+00 
 1.65072000e+00  2.97424215e+00 
 1.65072100e+00  2.97447002e+00 
 1.65072200e+00  2.97488541e+00 
 1.65072300e+00  2.97510214e+00 
 1.65072400e+00  2.97540360e+00 
 1.65072500e+00  2.97566336e+00 
 1.65072600e+00  2.97596644e+00 
 1.65072700e+00  2.97616874e+00 
 1.65072800e+00  2.97642796e+00 
 1.65072900e+00  2.97664199e+00 
 1.65073000e+00  2.97692734e+00 
 1.65073100e+00  2.97722977e+00 
 1.65073200e+00  2.97746846e+00 
 1.65073300e+00  2.97770366e+00 
 1.65073400e+00  2.97807356e+00 
 1.65073500e+00  2.97829152e+00 
 1.65073600e+00  2.97856641e+00 
 1.65073700e+00  2.97884876e+00 
 1.65073800e+00  2.97906489e+00 
 1.65073900e+00  2.97943644e+00 
 1.65074000e+00  2.97963574e+00 
 1.65074100e+00  2.97988440e+00 
 1.65074200e+00  2.98012066e+00 
 1.65074300e+00  2.98038872e+00 
 1.65074400e+00  2.98065598e+00 
 1.65074500e+00  2.98100766e+00 
 1.65074600e+00  2.98123434e+00 
 1.65074700e+00  2.98149803e+00 
 1.65074800e+00  2.98180142e+00 
 1.65074900e+00  2.98203982e+00 
 1.65075000e+00  2.98222291e+00 
 1.65075100e+00  2.98252677e+00 
 1.65075200e+00  2.98279409e+00 
 1.65075300e+00  2.98307050e+00 
 1.65075400e+00  2.98332819e+00 
 1.65075500e+00  2.98356672e+00 
 1.65075600e+00  2.98388515e+00 
 1.65075700e+00  2.98414883e+00 
 1.65075800e+00  2.98435882e+00 
 1.65075900e+00  2.98459188e+00 
 1.65076000e+00  2.98491744e+00 
 1.65076100e+00  2.98514796e+00 
 1.65076200e+00  2.98541418e+00 
 1.65076300e+00  2.98562501e+00 
 1.65076400e+00  2.98594672e+00 
 1.65076500e+00  2.98615738e+00 
 1.65076600e+00  2.98643547e+00 
 1.65076700e+00  2.98671415e+00 
 1.65076800e+00  2.98695362e+00 
 1.65076900e+00  2.98724934e+00 
 1.65077000e+00  2.98749099e+00 
 1.65077100e+00  2.98773559e+00 
 1.65077200e+00  2.98798116e+00 
 1.65077300e+00  2.98821345e+00 
 1.65077400e+00  2.98853155e+00 
 1.65077500e+00  2.98874441e+00 
 1.65077600e+00  2.98896830e+00 
 1.65077700e+00  2.98924697e+00 
 1.65077800e+00  2.98954051e+00 
 1.65077900e+00  2.98983519e+00 
 1.65078000e+00  2.99010263e+00 
 1.65078100e+00  2.99038032e+00 
 1.65078200e+00  2.99058524e+00 
 1.65078300e+00  2.99081215e+00 
 1.65078400e+00  2.99109428e+00 
 1.65078500e+00  2.99136418e+00 
 1.65078600e+00  2.99160175e+00 
 1.65078700e+00  2.99182732e+00 
 1.65078800e+00  2.99213559e+00 
 1.65078900e+00  2.99229169e+00 
 1.65079000e+00  2.99256796e+00 
 1.65079100e+00  2.99295851e+00 
 1.65079200e+00  2.99316791e+00 
 1.65079300e+00  2.99340844e+00 
 1.65079400e+00  2.99366416e+00 
 1.65079500e+00  2.99389251e+00 
 1.65079600e+00  2.99417472e+00 
 1.65079700e+00  2.99440606e+00 
 1.65079800e+00  2.99465268e+00 
 1.65079900e+00  2.99488720e+00 
 1.65080000e+00  2.99511311e+00 
 1.65080100e+00  2.99540120e+00 
 1.65080200e+00  2.99575214e+00 
 1.65080300e+00  2.99593612e+00 
 1.65080400e+00  2.99617378e+00 
 1.65080500e+00  2.99643297e+00 
 1.65080600e+00  2.99667551e+00 
 1.65080700e+00  2.99697072e+00 
 1.65080800e+00  2.99719874e+00 
 1.65080900e+00  2.99744288e+00 
 1.65081000e+00  2.99769444e+00 
 1.65081100e+00  2.99792592e+00 
 1.65081200e+00  2.99813457e+00 
 1.65081300e+00  2.99845567e+00 
 1.65081400e+00  2.99872965e+00 
 1.65081500e+00  2.99899377e+00 
 1.65081600e+00  2.99920341e+00 
 1.65081700e+00  2.99945399e+00 
 1.65081800e+00  2.99969822e+00 
 1.65081900e+00  2.99994846e+00 
 1.65082000e+00  3.00016974e+00 
 1.65082100e+00  3.00045048e+00 
 1.65082200e+00  3.00068946e+00 
 1.65082300e+00  3.00088381e+00 
 1.65082400e+00  3.00113195e+00 
 1.65082500e+00  3.00138139e+00 
 1.65082600e+00  3.00168459e+00 
 1.65082700e+00  3.00192695e+00 
 1.65082800e+00  3.00219395e+00 
 1.65082900e+00  3.00242848e+00 
 1.65083000e+00  3.00264597e+00 
 1.65083100e+00  3.00290672e+00 
 1.65083200e+00  3.00315107e+00 
 1.65083300e+00  3.00343355e+00 
 1.65083400e+00  3.00361669e+00 
 1.65083500e+00  3.00391960e+00 
 1.65083600e+00  3.00421263e+00 
 1.65083700e+00  3.00442253e+00 
 1.65083800e+00  3.00471013e+00 
 1.65083900e+00  3.00488901e+00 
 1.65084000e+00  3.00518952e+00 
 1.65084100e+00  3.00538016e+00 
 1.65084200e+00  3.00562737e+00 
 1.65084300e+00  3.00587230e+00 
 1.65084400e+00  3.00615836e+00 
 1.65084500e+00  3.00634618e+00 
 1.65084600e+00  3.00661077e+00 
 1.65084700e+00  3.00682101e+00 
 1.65084800e+00  3.00711089e+00 
 1.65084900e+00  3.00734576e+00 
 1.65085000e+00  3.00756438e+00 
 1.65085100e+00  3.00783057e+00 
 1.65085200e+00  3.00801953e+00 
 1.65085300e+00  3.00825818e+00 
 1.65085400e+00  3.00855015e+00 
 1.65085500e+00  3.00880421e+00 
 1.65085600e+00  3.00901179e+00 
 1.65085700e+00  3.00923433e+00 
 1.65085800e+00  3.00953495e+00 
 1.65085900e+00  3.00979963e+00 
 1.65086000e+00  3.01004811e+00 
 1.65086100e+00  3.01023792e+00 
 1.65086200e+00  3.01049756e+00 
 1.65086300e+00  3.01078941e+00 
 1.65086400e+00  3.01098265e+00 
 1.65086500e+00  3.01121025e+00 
 1.65086600e+00  3.01147015e+00 
 1.65086700e+00  3.01166209e+00 
 1.65086800e+00  3.01187743e+00 
 1.65086900e+00  3.01212978e+00 
 1.65087000e+00  3.01233958e+00 
 1.65087100e+00  3.01269763e+00 
 1.65087200e+00  3.01289776e+00 
 1.65087300e+00  3.01315625e+00 
 1.65087400e+00  3.01335450e+00 
 1.65087500e+00  3.01360575e+00 
 1.65087600e+00  3.01387457e+00 
 1.65087700e+00  3.01405837e+00 
 1.65087800e+00  3.01435682e+00 
 1.65087900e+00  3.01453006e+00 
 1.65088000e+00  3.01478988e+00 
 1.65088100e+00  3.01497777e+00 
 1.65088200e+00  3.01535735e+00 
 1.65088300e+00  3.01555558e+00 
 1.65088400e+00  3.01576088e+00 
 1.65088500e+00  3.01598077e+00 
 1.65088600e+00  3.01621507e+00 
 1.65088700e+00  3.01645038e+00 
 1.65088800e+00  3.01672262e+00 
 1.65088900e+00  3.01691423e+00 
 1.65089000e+00  3.01715347e+00 
 1.65089100e+00  3.01737464e+00 
 1.65089200e+00  3.01757698e+00 
 1.65089300e+00  3.01782480e+00 
 1.65089400e+00  3.01813674e+00 
 1.65089500e+00  3.01834424e+00 
 1.65089600e+00  3.01860708e+00 
 1.65089700e+00  3.01883241e+00 
 1.65089800e+00  3.01900248e+00 
 1.65089900e+00  3.01927407e+00 
 1.65090000e+00  3.01956313e+00 
 1.65090100e+00  3.01977820e+00 
 1.65090200e+00  3.02001207e+00 
 1.65090300e+00  3.02022346e+00 
 1.65090400e+00  3.02042989e+00 
 1.65090500e+00  3.02072417e+00 
 1.65090600e+00  3.02091903e+00 
 1.65090700e+00  3.02114935e+00 
 1.65090800e+00  3.02140508e+00 
 1.65090900e+00  3.02160611e+00 
 1.65091000e+00  3.02187768e+00 
 1.65091100e+00  3.02206729e+00 
 1.65091200e+00  3.02232737e+00 
 1.65091300e+00  3.02250558e+00 
 1.65091400e+00  3.02274733e+00 
 1.65091500e+00  3.02297390e+00 
 1.65091600e+00  3.02320851e+00 
 1.65091700e+00  3.02348654e+00 
 1.65091800e+00  3.02372019e+00 
 1.65091900e+00  3.02391471e+00 
 1.65092000e+00  3.02415229e+00 
 1.65092100e+00  3.02435743e+00 
 1.65092200e+00  3.02461557e+00 
 1.65092300e+00  3.02483043e+00 
 1.65092400e+00  3.02510755e+00 
 1.65092500e+00  3.02529454e+00 
 1.65092600e+00  3.02550897e+00 
 1.65092700e+00  3.02576318e+00 
 1.65092800e+00  3.02604224e+00 
 1.65092900e+00  3.02629406e+00 
 1.65093000e+00  3.02643562e+00 
 1.65093100e+00  3.02669000e+00 
 1.65093200e+00  3.02689378e+00 
 1.65093300e+00  3.02712044e+00 
 1.65093400e+00  3.02737504e+00 
 1.65093500e+00  3.02759076e+00 
 1.65093600e+00  3.02780170e+00 
 1.65093700e+00  3.02801856e+00 
 1.65093800e+00  3.02823084e+00 
 1.65093900e+00  3.02848083e+00 
 1.65094000e+00  3.02874491e+00 
 1.65094100e+00  3.02895774e+00 
 1.65094200e+00  3.02920457e+00 
 1.65094300e+00  3.02936313e+00 
 1.65094400e+00  3.02955096e+00 
 1.65094500e+00  3.02989388e+00 
 1.65094600e+00  3.03003912e+00 
 1.65094700e+00  3.03029943e+00 
 1.65094800e+00  3.03054902e+00 
 1.65094900e+00  3.03074999e+00 
 1.65095000e+00  3.03093892e+00 
 1.65095100e+00  3.03126759e+00 
 1.65095200e+00  3.03144407e+00 
 1.65095300e+00  3.03166966e+00 
 1.65095400e+00  3.03186746e+00 
 1.65095500e+00  3.03209672e+00 
 1.65095600e+00  3.03233393e+00 
 1.65095700e+00  3.03251511e+00 
 1.65095800e+00  3.03276593e+00 
 1.65095900e+00  3.03303323e+00 
 1.65096000e+00  3.03317101e+00 
 1.65096100e+00  3.03342166e+00 
 1.65096200e+00  3.03368726e+00 
 1.65096300e+00  3.03388023e+00 
 1.65096400e+00  3.03409864e+00 
 1.65096500e+00  3.03428767e+00 
 1.65096600e+00  3.03452187e+00 
 1.65096700e+00  3.03476880e+00 
 1.65096800e+00  3.03500640e+00 
 1.65096900e+00  3.03520628e+00 
 1.65097000e+00  3.03542062e+00 
 1.65097100e+00  3.03563426e+00 
 1.65097200e+00  3.03589716e+00 
 1.65097300e+00  3.03606566e+00 
 1.65097400e+00  3.03636638e+00 
 1.65097500e+00  3.03657458e+00 
 1.65097600e+00  3.03680655e+00 
 1.65097700e+00  3.03699129e+00 
 1.65097800e+00  3.03723356e+00 
 1.65097900e+00  3.03741345e+00 
 1.65098000e+00  3.03762465e+00 
 1.65098100e+00  3.03787288e+00 
 1.65098200e+00  3.03803140e+00 
 1.65098300e+00  3.03829514e+00 
 1.65098400e+00  3.03848364e+00 
 1.65098500e+00  3.03873034e+00 
 1.65098600e+00  3.03896596e+00 
 1.65098700e+00  3.03917258e+00 
 1.65098800e+00  3.03939457e+00 
 1.65098900e+00  3.03957953e+00 
 1.65099000e+00  3.03980475e+00 
 1.65099100e+00  3.04002057e+00 
 1.65099200e+00  3.04028486e+00 
 1.65099300e+00  3.04046861e+00 
 1.65099400e+00  3.04064944e+00 
 1.65099500e+00  3.04091171e+00 
 1.65099600e+00  3.04113014e+00 
 1.65099700e+00  3.04136624e+00 
 1.65099800e+00  3.04159082e+00 
 1.65099900e+00  3.04176218e+00 
 1.65100000e+00  3.04198087e+00 
