 1.64800000e+00  8.19509737e-02 
 1.64801000e+00  8.21450942e-02 
 1.64802000e+00  8.23410854e-02 
 1.64803000e+00  8.25390106e-02 
 1.64804000e+00  8.27388497e-02 
 1.64805000e+00  8.29406594e-02 
 1.64806000e+00  8.31444835e-02 
 1.64807000e+00  8.33503252e-02 
 1.64808000e+00  8.35582304e-02 
 1.64809000e+00  8.37682310e-02 
 1.64810000e+00  8.39803523e-02 
 1.64811000e+00  8.41946264e-02 
 1.64812000e+00  8.44110874e-02 
 1.64813000e+00  8.46297657e-02 
 1.64814000e+00  8.48507063e-02 
 1.64815000e+00  8.50739331e-02 
 1.64816000e+00  8.52995007e-02 
 1.64817000e+00  8.55274234e-02 
 1.64818000e+00  8.57577471e-02 
 1.64819000e+00  8.59905069e-02 
 1.64820000e+00  8.62257477e-02 
 1.64821000e+00  8.64634901e-02 
 1.64822000e+00  8.67038267e-02 
 1.64823000e+00  8.69467194e-02 
 1.64824000e+00  8.71922483e-02 
 1.64825000e+00  8.74404643e-02 
 1.64826000e+00  8.76914024e-02 
 1.64827000e+00  8.79451072e-02 
 1.64828000e+00  8.82016310e-02 
 1.64829000e+00  8.84610005e-02 
 1.64830000e+00  8.87232681e-02 
 1.64831000e+00  8.89885051e-02 
 1.64832000e+00  8.92567035e-02 
 1.64833000e+00  8.95279605e-02 
 1.64834000e+00  8.98022982e-02 
 1.64835000e+00  9.00797858e-02 
 1.64836000e+00  9.03604851e-02 
 1.64837000e+00  9.06443957e-02 
 1.64838000e+00  9.09316258e-02 
 1.64839000e+00  9.12221838e-02 
 1.64840000e+00  9.15161784e-02 
 1.64841000e+00  9.18136093e-02 
 1.64842000e+00  9.21145717e-02 
 1.64843000e+00  9.24190981e-02 
 1.64844000e+00  9.27271790e-02 
 1.64845000e+00  9.30391361e-02 
 1.64846000e+00  9.33547483e-02 
 1.64847000e+00  9.36741597e-02 
 1.64848000e+00  9.39974609e-02 
 1.64849000e+00  9.43247096e-02 
 1.64850000e+00  9.46559679e-02 
 1.64851000e+00  9.49912834e-02 
 1.64852000e+00  9.53307521e-02 
 1.64853000e+00  9.56744212e-02 
 1.64854000e+00  9.60223541e-02 
 1.64855000e+00  9.63746293e-02 
 1.64856000e+00  9.67313184e-02 
 1.64857000e+00  9.70925146e-02 
 1.64858000e+00  9.74582677e-02 
 1.64859000e+00  9.78286682e-02 
 1.64860000e+00  9.82037532e-02 
 1.64861000e+00  9.85836382e-02 
 1.64862000e+00  9.89683812e-02 
 1.64863000e+00  9.93580554e-02 
 1.64864000e+00  9.97527615e-02 
 1.64865000e+00  1.00152566e-01 
 1.64866000e+00  1.00557579e-01 
 1.64867000e+00  1.00967833e-01 
 1.64868000e+00  1.01383454e-01 
 1.64869000e+00  1.01804506e-01 
 1.64870000e+00  1.02231122e-01 
 1.64871000e+00  1.02663300e-01 
 1.64872000e+00  1.03101197e-01 
 1.64873000e+00  1.03544868e-01 
 1.64874000e+00  1.03994483e-01 
 1.64875000e+00  1.04450047e-01 
 1.64876000e+00  1.04911650e-01 
 1.64877000e+00  1.05379418e-01 
 1.64878000e+00  1.05853458e-01 
 1.64879000e+00  1.06333884e-01 
 1.64880000e+00  1.06820717e-01 
 1.64881000e+00  1.07314148e-01 
 1.64882000e+00  1.07814215e-01 
 1.64883000e+00  1.08321024e-01 
 1.64884000e+00  1.08834681e-01 
 1.64885000e+00  1.09355367e-01 
 1.64886000e+00  1.09883037e-01 
 1.64887000e+00  1.10417899e-01 
 1.64888000e+00  1.10960033e-01 
 1.64889000e+00  1.11509577e-01 
 1.64890000e+00  1.12066623e-01 
 1.64891000e+00  1.12631236e-01 
 1.64892000e+00  1.13203589e-01 
 1.64893000e+00  1.13783721e-01 
 1.64894000e+00  1.14371850e-01 
 1.64895000e+00  1.14968003e-01 
 1.64896000e+00  1.15572318e-01 
 1.64897000e+00  1.16184929e-01 
 1.64898000e+00  1.16805959e-01 
 1.64899000e+00  1.17435527e-01 
 1.64900000e+00  1.18073698e-01 
 1.64901000e+00  1.18720660e-01 
 1.64902000e+00  1.19376482e-01 
 1.64903000e+00  1.20041345e-01 
 1.64904000e+00  1.20715333e-01 
 1.64905000e+00  1.21398620e-01 
 1.64906000e+00  1.22091279e-01 
 1.64907000e+00  1.22793508e-01 
 1.64908000e+00  1.23505372e-01 
 1.64909000e+00  1.24227012e-01 
 1.64910000e+00  1.24958599e-01 
 1.64911000e+00  1.25700312e-01 
 1.64912000e+00  1.26452170e-01 
 1.64913000e+00  1.27214458e-01 
 1.64914000e+00  1.27987240e-01 
 1.64915000e+00  1.28770722e-01 
 1.64916000e+00  1.29565024e-01 
 1.64917000e+00  1.30370264e-01 
 1.64918000e+00  1.31186687e-01 
 1.64919000e+00  1.32014458e-01 
 1.64920000e+00  1.32853751e-01 
 1.64921000e+00  1.33704590e-01 
 1.64922000e+00  1.34567408e-01 
 1.64923000e+00  1.35442217e-01 
 1.64924000e+00  1.36329268e-01 
 1.64925000e+00  1.37228824e-01 
 1.64926000e+00  1.38141034e-01 
 1.64927000e+00  1.39066112e-01 
 1.64928000e+00  1.40004301e-01 
 1.64929000e+00  1.40955972e-01 
 1.64930000e+00  1.41921163e-01 
 1.64931000e+00  1.42900263e-01 
 1.64932000e+00  1.43893564e-01 
 1.64933000e+00  1.44901290e-01 
 1.64934000e+00  1.45923859e-01 
 1.64935000e+00  1.46961514e-01 
 1.64936000e+00  1.48014662e-01 
 1.64937000e+00  1.49083651e-01 
 1.64938000e+00  1.50168867e-01 
 1.64939000e+00  1.51270787e-01 
 1.64940000e+00  1.52389754e-01 
 1.64941000e+00  1.53526394e-01 
 1.64942000e+00  1.54681140e-01 
 1.64943000e+00  1.55854501e-01 
 1.64944000e+00  1.57047183e-01 
 1.64945000e+00  1.58259817e-01 
 1.64946000e+00  1.59493066e-01 
 1.64947000e+00  1.60747751e-01 
 1.64948000e+00  1.62024663e-01 
 1.64949000e+00  1.63324710e-01 
 1.64950000e+00  1.64648892e-01 
 1.64951000e+00  1.65998250e-01 
 1.64952000e+00  1.67373937e-01 
 1.64953000e+00  1.68777322e-01 
 1.64954000e+00  1.70209805e-01 
 1.64955000e+00  1.71673118e-01 
 1.64956000e+00  1.73169079e-01 
 1.64957000e+00  1.74699479e-01 
 1.64958000e+00  1.76266786e-01 
 1.64959000e+00  1.77873393e-01 
 1.64960000e+00  1.79522250e-01 
 1.64961000e+00  1.81216855e-01 
 1.64962000e+00  1.82960950e-01 
 1.64963000e+00  1.84759074e-01 
 1.64964000e+00  1.86616447e-01 
 1.64965000e+00  1.88539320e-01 
 1.64966000e+00  1.90535239e-01 
 1.64967000e+00  1.92613527e-01 
 1.64968000e+00  1.94785332e-01 
 1.64969000e+00  1.97065161e-01 
 1.64970000e+00  1.99471222e-01 
 1.64971000e+00  2.02028546e-01 
 1.64972000e+00  2.04769914e-01 
 1.64973000e+00  2.07743647e-01 
 1.64974000e+00  2.11022123e-01 
 1.64975000e+00  2.14721803e-01 
 1.64976000e+00  2.19050554e-01 
 1.64977000e+00  2.24437207e-01 
 1.64978000e+00  2.32008292e-01 
 1.64979000e+00  2.46583313e-01 
 1.64980000e+00  3.31362697e-01 
 1.64981000e+00  7.66562201e-01 
 1.64982000e+00  1.46525504e+00 
 1.64983000e+00  1.95792786e+00 
 1.64984000e+00  2.11831070e+00 
 1.64985000e+00  2.20659433e+00 
 1.64986000e+00  2.26842227e+00 
 1.64987000e+00  2.31647516e+00 
 1.64988000e+00  2.35603563e+00 
 1.64989000e+00  2.38980121e+00 
 1.64990000e+00  2.41936596e+00 
 1.64991000e+00  2.44572110e+00 
 1.64992000e+00  2.46954897e+00 
 1.64993000e+00  2.49132599e+00 
 1.64994000e+00  2.51141131e+00 
 1.64995000e+00  2.53006530e+00 
 1.64996000e+00  2.54749739e+00 
 1.64997000e+00  2.56387290e+00 
 1.64998000e+00  2.57932144e+00 
 1.64999000e+00  2.59395549e+00 
 1.65000000e+00  2.60786227e+00 
 1.65001000e+00  2.62111527e+00 
 1.65002000e+00  2.63376263e+00 
 1.65003000e+00  2.64590816e+00 
 1.65004000e+00  2.65754595e+00 
 1.65005000e+00  2.66869699e+00 
 1.65006000e+00  2.67941627e+00 
 1.65007000e+00  2.68982601e+00 
 1.65008000e+00  2.69982929e+00 
 1.65009000e+00  2.70952246e+00 
 1.65010000e+00  2.71882569e+00 
 1.65011000e+00  2.72777766e+00 
 1.65012000e+00  2.73637062e+00 
 1.65013000e+00  2.74458850e+00 
 1.65014000e+00  2.75240861e+00 
 1.65015000e+00  2.75981791e+00 
 1.65016000e+00  2.76681138e+00 
 1.65017000e+00  2.77340797e+00 
 1.65018000e+00  2.77963906e+00 
 1.65019000e+00  2.78554492e+00 
 1.65020000e+00  2.79116649e+00 
 1.65021000e+00  2.79654214e+00 
 1.65022000e+00  2.80170376e+00 
 1.65023000e+00  2.80667868e+00 
 1.65024000e+00  2.81149089e+00 
 1.65025000e+00  2.81615921e+00 
 1.65026000e+00  2.82070037e+00 
 1.65027000e+00  2.82512768e+00 
 1.65028000e+00  2.82945243e+00 
 1.65029000e+00  2.83368496e+00 
 1.65030000e+00  2.83783343e+00 
 1.65031000e+00  2.84190515e+00 
 1.65032000e+00  2.84590584e+00 
 1.65033000e+00  2.84984182e+00 
 1.65034000e+00  2.85371691e+00 
 1.65035000e+00  2.85753532e+00 
 1.65036000e+00  2.86130122e+00 
 1.65037000e+00  2.86501697e+00 
 1.65038000e+00  2.86868581e+00 
 1.65039000e+00  2.87231024e+00 
 1.65040000e+00  2.87589580e+00 
 1.65041000e+00  2.87943883e+00 
 1.65042000e+00  2.88293633e+00 
 1.65043000e+00  2.88640190e+00 
 1.65044000e+00  2.88983145e+00 
 1.65045000e+00  2.89322676e+00 
 1.65046000e+00  2.89659079e+00 
 1.65047000e+00  2.89991769e+00 
 1.65048000e+00  2.90321570e+00 
 1.65049000e+00  2.90648306e+00 
 1.65050000e+00  2.90972065e+00 
 1.65051000e+00  2.91292913e+00 
 1.65052000e+00  2.91610954e+00 
 1.65053000e+00  2.91926194e+00 
 1.65054000e+00  2.92238726e+00 
 1.65055000e+00  2.92548584e+00 
 1.65056000e+00  2.92855831e+00 
 1.65057000e+00  2.93160505e+00 
 1.65058000e+00  2.93462662e+00 
 1.65059000e+00  2.93762331e+00 
 1.65060000e+00  2.94059575e+00 
 1.65061000e+00  2.94354392e+00 
 1.65062000e+00  2.94646854e+00 
 1.65063000e+00  2.94936938e+00 
 1.65064000e+00  2.95224725e+00 
 1.65065000e+00  2.95510240e+00 
 1.65066000e+00  2.95793499e+00 
 1.65067000e+00  2.96074525e+00 
 1.65068000e+00  2.96353330e+00 
 1.65069000e+00  2.96629974e+00 
 1.65070000e+00  2.96904455e+00 
 1.65071000e+00  2.97176835e+00 
 1.65072000e+00  2.97447059e+00 
 1.65073000e+00  2.97715210e+00 
 1.65074000e+00  2.97981268e+00 
 1.65075000e+00  2.98245274e+00 
 1.65076000e+00  2.98507229e+00 
 1.65077000e+00  2.98767150e+00 
 1.65078000e+00  2.99025079e+00 
 1.65079000e+00  2.99281027e+00 
 1.65080000e+00  2.99535051e+00 
 1.65081000e+00  2.99786955e+00 
 1.65082000e+00  3.00036965e+00 
 1.65083000e+00  3.00285058e+00 
 1.65084000e+00  3.00531218e+00 
 1.65085000e+00  3.00775454e+00 
 1.65086000e+00  3.01017767e+00 
 1.65087000e+00  3.01258192e+00 
 1.65088000e+00  3.01496721e+00 
 1.65089000e+00  3.01733832e+00 
 1.65090000e+00  3.01968177e+00 
 1.65091000e+00  3.02201109e+00 
 1.65092000e+00  3.02432183e+00 
 1.65093000e+00  3.02661412e+00 
 1.65094000e+00  3.02888804e+00 
 1.65095000e+00  3.03114443e+00 
 1.65096000e+00  3.03338112e+00 
 1.65097000e+00  3.03560017e+00 
 1.65098000e+00  3.03780112e+00 
 1.65099000e+00  3.03998409e+00 
 1.65100000e+00  3.04214898e+00 
