 3.30000000e+00  1.64998966e+00 
 3.30000000e+00  1.64998097e+00 
 3.30000000e+00  1.65165388e+00 
 3.30000000e+00  1.64726955e+00 
 3.30000000e+00  1.64968032e+00 
 3.30000000e+00  1.64989309e+00 
 3.30000000e+00  1.65013484e+00 
 3.30000000e+00  1.65139185e+00 
 3.30000000e+00  1.64902137e+00 
 3.30000000e+00  1.64955900e+00 
 3.30000000e+00  1.64921943e+00 
 3.30000000e+00  1.65083160e+00 
 3.30000000e+00  1.64881122e+00 
 3.30000000e+00  1.65064825e+00 
 3.30000000e+00  1.64992835e+00 
 3.30000000e+00  1.65235300e+00 
 3.30000000e+00  1.65157443e+00 
 3.30000000e+00  1.64915277e+00 
 3.30000000e+00  1.65048247e+00 
 3.30000000e+00  1.65016911e+00 
 3.30000000e+00  1.65357990e+00 
 3.30000000e+00  1.64895109e+00 
 3.30000000e+00  1.65135344e+00 
 3.30000000e+00  1.65119506e+00 
 3.30000000e+00  1.64905931e+00 
 3.30000000e+00  1.65170682e+00 
 3.30000000e+00  1.65125810e+00 
 3.30000000e+00  1.64793675e+00 
 3.30000000e+00  1.65108988e+00 
 3.30000000e+00  1.64925987e+00 
 3.30000000e+00  1.64985741e+00 
 3.30000000e+00  1.64770294e+00 
 3.30000000e+00  1.65028420e+00 
 3.30000000e+00  1.65326299e+00 
 3.30000000e+00  1.64994420e+00 
 3.30000000e+00  1.64858076e+00 
 3.30000000e+00  1.64874032e+00 
 3.30000000e+00  1.65295979e+00 
 3.30000000e+00  1.64765905e+00 
 3.30000000e+00  1.65023812e+00 
 3.30000000e+00  1.65059394e+00 
 3.30000000e+00  1.65018134e+00 
 3.30000000e+00  1.65185527e+00 
 3.30000000e+00  1.64884775e+00 
 3.30000000e+00  1.64711686e+00 
 3.30000000e+00  1.64816437e+00 
 3.30000000e+00  1.64929957e+00 
 3.30000000e+00  1.65218581e+00 
 3.30000000e+00  1.64840968e+00 
 3.30000000e+00  1.64684376e+00 
 3.30000000e+00  1.65021989e+00 
 3.30000000e+00  1.65023513e+00 
 3.30000000e+00  1.65084735e+00 
 3.30000000e+00  1.64954312e+00 
 3.30000000e+00  1.65026827e+00 
 3.30000000e+00  1.65042484e+00 
 3.30000000e+00  1.65149224e+00 
 3.30000000e+00  1.64934430e+00 
 3.30000000e+00  1.65122273e+00 
 3.30000000e+00  1.64924542e+00 
 3.30000000e+00  1.64899381e+00 
 3.30000000e+00  1.65179046e+00 
 3.30000000e+00  1.64871855e+00 
 3.30000000e+00  1.64979324e+00 
 3.30000000e+00  1.65003825e+00 
 3.30000000e+00  1.65106758e+00 
 3.30000000e+00  1.65407341e+00 
 3.30000000e+00  1.65170439e+00 
 3.30000000e+00  1.65076314e+00 
 3.30000000e+00  1.65093526e+00 
 3.30000000e+00  1.64923176e+00 
 3.30000000e+00  1.64976612e+00 
 3.30000000e+00  1.65194704e+00 
 3.30000000e+00  1.64911064e+00 
 3.30000000e+00  1.65004818e+00 
 3.30000000e+00  1.65090501e+00 
 3.30000000e+00  1.65173878e+00 
 3.30000000e+00  1.64910028e+00 
 3.30000000e+00  1.64680323e+00 
 3.30000000e+00  1.64999919e+00 
 3.30000000e+00  1.65101400e+00 
 3.30000000e+00  1.65147398e+00 
 3.30000000e+00  1.65043726e+00 
 3.30000000e+00  1.64981087e+00 
 3.30000000e+00  1.64908995e+00 
 3.30000000e+00  1.64964939e+00 
 3.30000000e+00  1.64939573e+00 
 3.30000000e+00  1.64948312e+00 
 3.30000000e+00  1.65022676e+00 
 3.30000000e+00  1.65094336e+00 
 3.30000000e+00  1.65195549e+00 
 3.30000000e+00  1.64787364e+00 
 3.30000000e+00  1.65218487e+00 
 3.30000000e+00  1.65167096e+00 
 3.30000000e+00  1.64912231e+00 
 3.30000000e+00  1.65149500e+00 
 3.30000000e+00  1.65093488e+00 
 3.30000000e+00  1.64909862e+00 
 3.30000000e+00  1.65033405e+00 
 3.30000000e+00  1.64712117e+00 
 3.30000000e+00  1.64938027e+00 
 3.30000000e+00  1.64860219e+00 
 3.30000000e+00  1.64847237e+00 
 3.30000000e+00  1.64903543e+00 
 3.30000000e+00  1.65067092e+00 
 3.30000000e+00  1.64933657e+00 
 3.30000000e+00  1.65024096e+00 
 3.30000000e+00  1.64850808e+00 
 3.30000000e+00  1.64962803e+00 
 3.30000000e+00  1.65169518e+00 
 3.30000000e+00  1.65115225e+00 
 3.30000000e+00  1.65025294e+00 
 3.30000000e+00  1.65238009e+00 
 3.30000000e+00  1.64848506e+00 
 3.30000000e+00  1.65312909e+00 
 3.30000000e+00  1.64967665e+00 
 3.30000000e+00  1.65070615e+00 
 3.30000000e+00  1.64805471e+00 
 3.30000000e+00  1.65068907e+00 
 3.30000000e+00  1.65250713e+00 
 3.30000000e+00  1.65076980e+00 
 3.30000000e+00  1.65154957e+00 
 3.30000000e+00  1.64869762e+00 
 3.30000000e+00  1.64736050e+00 
 3.30000000e+00  1.64837220e+00 
 3.30000000e+00  1.65059319e+00 
 3.30000000e+00  1.64883480e+00 
 3.30000000e+00  1.65111727e+00 
 3.30000000e+00  1.64987523e+00 
 3.30000000e+00  1.64996795e+00 
 3.30000000e+00  1.65181620e+00 
 3.30000000e+00  1.65196963e+00 
 3.30000000e+00  1.64922318e+00 
 3.30000000e+00  1.64898161e+00 
 3.30000000e+00  1.65182688e+00 
 3.30000000e+00  1.65073059e+00 
 3.30000000e+00  1.65030548e+00 
 3.30000000e+00  1.65118655e+00 
 3.30000000e+00  1.64853387e+00 
 3.30000000e+00  1.64718716e+00 
 3.30000000e+00  1.64937564e+00 
 3.30000000e+00  1.64976450e+00 
 3.30000000e+00  1.65240628e+00 
 3.30000000e+00  1.64843641e+00 
 3.30000000e+00  1.64835111e+00 
 3.30000000e+00  1.64751421e+00 
 3.30000000e+00  1.64809787e+00 
 3.30000000e+00  1.64999674e+00 
 3.30000000e+00  1.65129955e+00 
 3.30000000e+00  1.64841963e+00 
 3.30000000e+00  1.64935824e+00 
 3.30000000e+00  1.64918944e+00 
 3.30000000e+00  1.64971384e+00 
 3.30000000e+00  1.65005872e+00 
 3.30000000e+00  1.65051369e+00 
 3.30000000e+00  1.64850534e+00 
 3.30000000e+00  1.64812792e+00 
 3.30000000e+00  1.64985504e+00 
 3.30000000e+00  1.65299436e+00 
 3.30000000e+00  1.64897620e+00 
 3.30000000e+00  1.64864040e+00 
 3.30000000e+00  1.64856548e+00 
 3.30000000e+00  1.64945345e+00 
 3.30000000e+00  1.65006358e+00 
 3.30000000e+00  1.64833354e+00 
 3.30000000e+00  1.65046440e+00 
 3.30000000e+00  1.64969614e+00 
 3.30000000e+00  1.65120597e+00 
 3.30000000e+00  1.64919915e+00 
 3.30000000e+00  1.64957514e+00 
 3.30000000e+00  1.64981328e+00 
 3.30000000e+00  1.64943288e+00 
 3.30000000e+00  1.65030063e+00 
 3.30000000e+00  1.65082079e+00 
 3.30000000e+00  1.65016485e+00 
 3.30000000e+00  1.65281033e+00 
 3.30000000e+00  1.65125878e+00 
 3.30000000e+00  1.65098030e+00 
 3.30000000e+00  1.65068902e+00 
 3.30000000e+00  1.65132316e+00 
 3.30000000e+00  1.64826073e+00 
 3.30000000e+00  1.64874492e+00 
 3.30000000e+00  1.64880670e+00 
 3.30000000e+00  1.65191177e+00 
 3.30000000e+00  1.64841060e+00 
 3.30000000e+00  1.65148191e+00 
 3.30000000e+00  1.65111039e+00 
 3.30000000e+00  1.64855979e+00 
 3.30000000e+00  1.65150315e+00 
 3.30000000e+00  1.64959558e+00 
 3.30000000e+00  1.65089355e+00 
 3.30000000e+00  1.65219482e+00 
 3.30000000e+00  1.65047770e+00 
 3.30000000e+00  1.64827676e+00 
 3.30000000e+00  1.64884992e+00 
 3.30000000e+00  1.64815789e+00 
 3.30000000e+00  1.64970597e+00 
 3.30000000e+00  1.65245949e+00 
 3.30000000e+00  1.65083389e+00 
 3.30000000e+00  1.65027413e+00 
